0.01	0	0	0	0	0	0	0.014400000000000001	0	0	0	0	0	0.01	0	0	0	0	0	0	1
0.01	0	0.01	0	0	0	0	0	0	0	0	0	0.047619047619047616	0.01	0	0	0	0	0	0	1
0.01	0.019317838816782378	0	0	0	0	0	0	0	0	0	0.3092369477911647	0	0	0	0	0	0.01	0.01	0	1
0.01	0	0.01	0	0	0	0	0	0	0.1935483870967742	0.16071428571428573	0	0	0	0	0	0.01	0	0	0	1
0.01	0.019317838816782378	0	0	0	0	0	0	0	0	0	0	0.047619047619047616	0	0	0	0	0	0	0	1
0.01	0.019317838816782378	0	0	0	0.05357142857142857	0	0	0	0	0	0	0.047619047619047616	0	0	0	0.01	0	0	0	1
0.01	0	0	0	0	0	0	0	0	0	0	0	0	0	0	0	0	0	0	0	1
0.01	0.019317838816782378	0	0	0	0.05357142857142857	0	0	0	0	0	0	0.047619047619047616	0.01	0	0	0	0	0	0	1
0.01	0	0	0	0	0	0	0	0	0	0	0	0	0	0	0	0	0	0	0.01	1
0.01	0	0	0	0	0	0	0.014400000000000001	0	0	0	0	0	0.01	0	0	0	0	0	0	1
0.01	0	0	0	0	0	0	0	0.01	0	0	0	0.047619047619047616	0	0	0	0	0	0	0	1
0.01	0	0	0	0.08556149732620323	0	0	0.014400000000000001	0.01	0	0	0	0	0	0.01	0	0	0	0	0	1
0.01	0	0	0	0	0	0	0.014400000000000001	0	0	0	0	0	0.01	0	0	0	0	0	0	1
0.01	0.019317838816782378	0	0	0	0.05357142857142857	0	0	0	0.1935483870967742	0	0	0	0	0	0	0	0	0	0	1
0.01	0.019317838816782378	0	0	0	0	0	0	0	0	0.16071428571428573	0.3092369477911647	0	0.01	0	0	0	0	0	0	1
0.01	0	0	0	0	0.05357142857142857	0	0	0	0	0	0	0.047619047619047616	0	0	0	0	0.01	0.01	0	1
0.01	0	0.01	0	0	0	0	0	0	0	0	0	0	0.01	0.01	0	0	0	0	0	1
0.01	0	0	0	0	0	0	0	0.01	0.1935483870967742	0	0	0	0	0	0	0	0	0	0	1
0.01	0.019317838816782378	0	0	0	0	0.02531645569620253	0	0	0	0	0.3092369477911647	0	0	0	0	0	0	0	0.01	1
0.01	0	0.01	0	0	0	0	0	0	0	0	0	0	0.01	0	0	0	0	0.01	0	1
0.01	0.019317838816782378	0	0	0	0	0	0	0	0	0	0	0	0	0	0	0	0	0	0	1
0.01	0	0	0	0	0	0	0	0	0	0.16071428571428573	0	0	0	0	0.01	0	0	0	0	1
0.01	0.019317838816782378	0	0	0	0	0	0	0	0.1935483870967742	0	0	0.047619047619047616	0	0	0	0	0	0	0	1
0.01	0	0	0	0.08556149732620323	0	0	0	0.01	0	0	0	0	0	0.01	0	0	0	0	0	1
0.01	0	0.01	0	0	0	0	0	0	0	0	0	0	0.01	0.01	0	0	0	0	0	1
0.01	0	0	0	0	0	0	0	0	0	0	0	0	0	0	0	0	0	0	0	1
0.01	0.019317838816782378	0	0	0	0	0	0	0	0	0	0	0	0	0	0	0	0	0	0.01	1
0.01	0	0.01	0	0	0	0	0	0	0	0	0	0	0	0	0	0	0	0.01	0	1
0.01	0.019317838816782378	0	0	0	0	0.02531645569620253	0	0	0	0	0	0.047619047619047616	0	0	0	0	0	0	0	1
0.01	0	0.01	0.01	0	0	0	0	0	0	0	0	0	0	0	0.01	0	0	0	0	1
0.01	0	0.01	0	0	0	0	0	0	0	0	0	0.047619047619047616	0.01	0	0	0	0	0	0	1
0.01	0	0.01	0	0	0	0	0	0	0.1935483870967742	0.16071428571428573	0	0	0	0.01	0	0	0	0	0	1
0.01	0.019317838816782378	0.01	0	0	0	0	0	0	0	0	0.3092369477911647	0	0	0.01	0	0	0	0	0	1
0.01	0	0	0.01	0	0	0	0	0	0	0	0	0.047619047619047616	0.01	0	0.01	0	0	0	0	1
0.01	0.019317838816782378	0.01	0	0	0	0	0	0	0	0.16071428571428573	0	0.047619047619047616	0	0	0	0	0	0	0	1
0.01	0.019317838816782378	0	0	0	0	0	0	0	0	0	0.3092369477911647	0	0	0	0.01	0.01	0	0	0	1
0.01	0.019317838816782378	0.01	0	0	0	0	0.014400000000000001	0	0	0	0	0	0.01	0.01	0	0.01	0	0	0	1
0.01	0	0	0.01	0.08556149732620323	0	0	0	0.01	0	0	0	0	0	0	0	0	0.01	0	0	1
0.01	0	0.01	0	0	0	0	0.014400000000000001	0	0	0	0	0	0.01	0.01	0	0	0	0.01	0	1
0.01	0.019317838816782378	0	0	0	0	0	0	0	0	0	0	0	0.01	0	0	0	0	0	0	1
0.01	0.019317838816782378	0	0	0	0	0.02531645569620253	0	0	0	0	0.3092369477911647	0	0	0	0	0	0	0.01	0	1
0.01	0	0.01	0	0	0	0	0	0	0	0	0	0	0.01	0.01	0	0	0	0	0	1
0.01	0	0	0	0	0	0	0	0	0.1935483870967742	0	0	0	0	0	0	0	0	0	0	1
0.01	0	0	0	0	0	0	0	0	0	0	0	0.047619047619047616	0	0	0	0	0	0	0	1
0.01	0.019317838816782378	0	0	0	0	0	0	0	0	0	0	0.047619047619047616	0.01	0	0	0	0	0	0	1
0.01	0	0	0	0	0	0	0	0	0	0	0	0	0.01	0	0	0.01	0.01	0	0	1
0.01	0	0	0	0	0	0	0	0	0	0.16071428571428573	0	0	0	0	0	0	0.01	0.01	0	1
0.01	0	0.01	0.01	0	0	0	0	0	0	0	0	0.047619047619047616	0.01	0	0	0.01	0	0	0	1
0.01	0	0.01	0	0	0	0	0	0.01	0	0	0	0.047619047619047616	0.01	0	0.01	0	0	0	0	1
0.01	0.019317838816782378	0	0	0	0	0	0	0.01	0	0	0	0	0	0.01	0	0	0	0	0	1
0.01	0	0	0	0.08556149732620323	0	0	0.014400000000000001	0.01	0	0	0	0	0	0.01	0	0	0	0	0	1
0.01	0.019317838816782378	0	0	0	0.05357142857142857	0	0	0	0.1935483870967742	0.16071428571428573	0	0	0	0	0	0	0	0	0	1
0.01	0	0	0	0.08556149732620323	0	0	0.014400000000000001	0.01	0	0	0	0	0	0.01	0	0	0	0	0	1
0.01	0.019317838816782378	0	0	0	0	0	0	0.01	0	0	0	0	0	0.01	0	0	0	0	0	1
0.01	0.019317838816782378	0	0	0	0	0	0	0	0	0	0	0	0	0	0	0	0	0	0	1
0.01	0.019317838816782378	0	0	0	0	0	0	0	0.1935483870967742	0	0.3092369477911647	0	0	0	0	0	0	0.01	0	1
0.01	0	0.01	0	0	0	0	0	0	0	0	0.3092369477911647	0.047619047619047616	0	0	0	0	0	0	0	1
0.01	0	0	0	0	0	0	0	0.01	0	0	0	0.047619047619047616	0.01	0	0	0	0	0	0	1
0.01	0	0	0	0	0	0	0	0	0	0	0	0.047619047619047616	0.01	0	0	0	0.01	0.01	0.01	1
0.01	0.019317838816782378	0	0	0	0.05357142857142857	0	0	0	0	0	0.3092369477911647	0.047619047619047616	0	0	0	0	0	0	0	1
0.01	0.019317838816782378	0.01	0	0	0	0	0	0	0	0	0.3092369477911647	0	0	0.01	0	0	0	0	0	1
0.01	0	0.01	0	0.08556149732620323	0	0	0	0	0	0	0	0	0	0.01	0	0	0	0	0	1
0.01	0	0.01	0	0.08556149732620323	0	0	0	0	0	0	0	0	0.01	0	0	0	0.01	0.01	0	1
0.01	0.019317838816782378	0	0	0	0	0.02531645569620253	0	0	0.1935483870967742	0	0	0	0	0	0	0	0	0	0	1
0.01	0	0	0	0	0	0	0	0	0	0	0.3092369477911647	0	0	0	0	0	0	0	0	1
0.01	0	0.01	0	0.08556149732620323	0	0	0	0	0	0	0	0	0.01	0	0	0	0.01	0.01	0	1
0.01	0	0	0	0	0.05357142857142857	0	0	0	0	0	0	0	0.01	0	0	0	0	0	0.01	1
0.01	0.019317838816782378	0.01	0	0	0	0	0	0	0.1935483870967742	0	0	0	0	0	0.01	0.01	0	0	0	1
0.01	0	0.01	0	0	0	0	0	0	0	0	0	0	0.01	0.01	0	0	0	0	0	1
0.01	0.019317838816782378	0	0	0	0.05357142857142857	0	0	0	0.1935483870967742	0	0	0	0	0	0	0	0	0	0	1
0.01	0	0.01	0	0	0	0	0.014400000000000001	0	0	0	0	0	0.01	0	0	0	0	0	0	1
0.01	0.019317838816782378	0	0	0	0	0	0	0	0	0	0	0.047619047619047616	0	0	0	0	0	0	0.01	1
0.01	0.019317838816782378	0	0	0	0	0	0	0	0	0	0	0	0	0	0	0	0.01	0	0	1
0.01	0	0	0	0	0.05357142857142857	0.02531645569620253	0	0	0	0.16071428571428573	0	0	0	0	0	0	0.01	0.01	0	1
0.01	0.019317838816782378	0	0	0	0	0	0	0	0	0	0.3092369477911647	0	0	0	0	0	0	0.01	0	1
0.01	0	0	0	0	0	0	0	0	0	0	0.3092369477911647	0	0	0	0	0	0	0.01	0	1
0.01	0	0.01	0	0	0	0	0	0	0	0	0	0	0	0	0	0.01	0.01	0	0	1
0.01	0.019317838816782378	0	0	0	0.05357142857142857	0	0	0	0	0	0	0	0	0	0	0	0	0	0	1
0.01	0	0.01	0	0	0	0	0	0	0	0	0	0	0.01	0.01	0	0	0	0	0	1
0.01	0	0	0	0.08556149732620323	0	0	0	0	0	0	0	0.047619047619047616	0.01	0.01	0	0	0	0	0	1
0.01	0.019317838816782378	0	0	0.08556149732620323	0	0	0	0	0	0	0	0	0	0	0.01	0.01	0.01	0.01	0	1
0.01	0	0.01	0	0	0	0	0	0	0	0	0	0	0.01	0.01	0	0	0	0	0	1
0.01	0	0	0	0	0	0	0	0	0	0	0	0	0	0	0	0.01	0	0	0.01	1
0.01	0	0	0	0.08556149732620323	0.05357142857142857	0	0	0	0.1935483870967742	0	0	0	0	0	0	0	0	0	0	1
0.01	0.019317838816782378	0	0	0	0	0	0	0	0	0	0.3092369477911647	0.047619047619047616	0	0	0	0	0	0	0	1
0.01	0	0	0	0	0	0	0.014400000000000001	0	0	0	0	0	0.01	0	0	0	0	0.01	0	1
0.01	0	0	0	0	0	0	0	0	0	0	0	0	0.01	0	0	0	0.01	0	0	1
0.01	0.019317838816782378	0	0	0	0	0	0	0	0	0	0.3092369477911647	0	0	0	0	0	0	0.01	0.01	1
0.01	0	0	0	0.08556149732620323	0	0	0	0	0	0	0	0	0	0	0	0.01	0.01	0	0.01	1
0.01	0	0	0	0	0	0	0	0	0	0	0	0.047619047619047616	0	0	0	0	0	0	0	1
0.01	0	0	0	0	0.05357142857142857	0	0	0	0	0	0	0	0	0.01	0	0	0	0	0	1
0.01	0	0.01	0.01	0	0	0	0	0	0	0	0	0.047619047619047616	0	0	0	0.01	0.01	0	0	1
0.01	0.019317838816782378	0	0	0	0.05357142857142857	0	0	0	0	0	0	0.047619047619047616	0	0	0	0.01	0	0	0	1
0.01	0.019317838816782378	0	0	0	0.05357142857142857	0	0	0	0	0	0	0	0	0	0	0	0	0	0	1
0.01	0.019317838816782378	0	0	0	0	0	0	0.01	0	0	0	0	0	0.01	0	0	0	0	0	1
0.01	0.019317838816782378	0	0	0	0	0	0	0	0	0	0	0.047619047619047616	0.01	0.01	0	0	0	0	0.01	1
0.01	0.019317838816782378	0	0	0	0	0	0	0	0.1935483870967742	0	0	0	0	0	0	0	0	0.01	0	1
0.01	0	0	0	0	0	0	0	0.01	0.1935483870967742	0	0	0.047619047619047616	0	0	0.01	0	0	0	0	1
0.01	0.019317838816782378	0	0	0	0.05357142857142857	0	0	0	0	0	0	0	0	0	0	0	0	0	0	1
0.01	0.019317838816782378	0	0	0	0	0	0	0	0.1935483870967742	0.16071428571428573	0	0	0	0.01	0	0	0.01	0.01	0.01	1
0.01	0.019317838816782378	0	0	0	0	0	0	0	0	0	0	0	0	0	0	0	0	0	0	1
0.01	0	0.01	0	0	0	0	0	0	0	0.16071428571428573	0	0	0	0	0	0	0	0.01	0	1
0.01	0	0.01	0	0	0	0	0	0	0	0	0	0	0	0	0	0	0	0.01	0	1
0.01	0	0	0	0	0	0	0	0	0	0	0	0.047619047619047616	0	0	0	0	0	0.01	0	1
0.01	0.019317838816782378	0	0	0	0	0	0	0	0	0	0.3092369477911647	0.047619047619047616	0	0	0	0.01	0	0	0	1
0.01	0	0	0.01	0	0	0	0	0	0	0	0.3092369477911647	0.047619047619047616	0.01	0	0	0	0	0	0	1
0.01	0	0.01	0	0	0	0	0.014400000000000001	0	0	0	0	0	0.01	0.01	0	0	0	0.01	0	1
0.01	0	0.01	0	0	0	0	0	0	0.1935483870967742	0	0	0	0	0.01	0	0	0	0	0	1
0.01	0	0	0	0	0	0	0	0.01	0	0	0	0.047619047619047616	0	0	0	0	0	0	0	1
0.01	0.019317838816782378	0.01	0.01	0.08556149732620323	0	0	0	0	0	0	0	0	0	0	0	0	0.01	0	0	1
0.01	0	0	0	0	0	0	0	0	0.1935483870967742	0	0	0	0.01	0	0	0	0	0	0	1
0.01	0.019317838816782378	0	0	0	0	0	0	0	0	0	0	0	0	0	0	0	0.01	0	0	1
0.01	0	0.01	0.01	0	0	0	0	0.01	0	0	0.3092369477911647	0	0	0	0	0	0	0	0	1
0.01	0	0.01	0	0	0	0	0	0	0	0	0	0	0.01	0.01	0	0	0	0	0	1
0.01	0.019317838816782378	0	0	0	0	0	0	0	0	0	0	0	0	0	0	0	0	0	0.01	1
0.01	0	0	0.01	0	0	0	0	0	0	0	0	0.047619047619047616	0	0	0	0	0	0.01	0	1
0.01	0	0	0	0.08556149732620323	0	0.02531645569620253	0	0	0	0	0	0	0	0	0	0	0.01	0	0	1
0.01	0	0.01	0	0	0	0	0	0	0	0	0	0	0.01	0.01	0	0	0	0	0	1
0.01	0.019317838816782378	0	0	0	0	0	0	0	0	0.16071428571428573	0.3092369477911647	0	0.01	0	0	0	0	0	0	1
0.01	0	0	0	0	0	0	0	0	0	0.16071428571428573	0.3092369477911647	0	0	0	0.01	0	0	0	0	1
0.01	0.019317838816782378	0	0	0	0.05357142857142857	0	0	0	0	0	0.3092369477911647	0.047619047619047616	0	0	0	0	0	0	0	1
0.01	0	0.01	0	0	0	0	0	0	0	0	0	0	0	0	0	0	0	0	0.01	1
0.01	0.019317838816782378	0	0	0.08556149732620323	0	0	0	0	0.1935483870967742	0.16071428571428573	0	0	0	0	0	0	0.01	0	0	1
0.01	0	0.01	0	0	0	0	0	0	0	0	0	0	0	0	0	0	0.01	0	0	1
0.01	0	0	0	0	0	0	0	0	0.1935483870967742	0	0	0	0	0	0	0.01	0	0	0	1
0.01	0	0	0	0	0	0	0	0	0	0	0.3092369477911647	0.047619047619047616	0.01	0	0	0	0	0	0	1
0.01	0	0	0.01	0	0	0	0	0	0	0	0	0.047619047619047616	0.01	0	0	0.01	0	0.01	0	1
0.01	0.019317838816782378	0.01	0	0	0	0	0	0	0	0	0	0.047619047619047616	0	0	0	0	0.01	0	0	1
0.01	0	0.01	0	0	0	0	0	0	0	0	0	0	0	0	0	0	0	0	0.01	1
0.01	0	0	0	0	0	0.02531645569620253	0	0	0	0.16071428571428573	0.3092369477911647	0	0	0	0	0	0	0	0	1
0.01	0	0.01	0	0	0	0	0	0	0.1935483870967742	0.16071428571428573	0	0	0.01	0	0	0.01	0	0	0	1
0.01	0.019317838816782378	0.01	0	0	0	0	0	0	0	0	0	0	0	0.01	0	0	0	0	0	1
0.01	0	0.01	0	0	0	0	0	0	0	0	0	0	0.01	0.01	0	0	0	0	0	1
0.01	0	0.01	0	0	0	0	0	0	0	0	0	0	0	0	0	0.01	0	0	0	1
0.01	0	0.01	0	0	0.05357142857142857	0	0	0	0	0	0.3092369477911647	0	0	0	0	0	0	0	0.01	1
0.01	0	0	0	0	0.05357142857142857	0	0	0	0	0	0	0	0.01	0	0	0	0	0	0.01	1
0.01	0	0	0	0	0	0	0.014400000000000001	0	0	0	0	0	0	0	0.01	0.01	0	0	0	1
0.01	0.019317838816782378	0	0	0	0	0	0	0	0	0	0	0	0	0	0	0.01	0.01	0	0	1
0.01	0	0	0	0	0	0	0.014400000000000001	0.01	0.1935483870967742	0	0	0	0	0	0	0	0	0	0.01	1
0.01	0.019317838816782378	0	0	0	0	0	0	0	0	0	0.3092369477911647	0.047619047619047616	0	0	0	0	0	0	0	1
0.01	0.019317838816782378	0	0	0	0	0	0	0.01	0	0	0	0	0	0.01	0	0	0	0	0	1
0.01	0.019317838816782378	0	0	0	0	0	0	0	0	0	0	0.047619047619047616	0	0	0	0	0	0	0	1
0.01	0.019317838816782378	0.01	0	0	0	0	0	0	0	0	0	0.047619047619047616	0	0	0	0	0	0	0	1
0.01	0.019317838816782378	0	0	0	0.05357142857142857	0.02531645569620253	0.014400000000000001	0	0.1935483870967742	0	0.3092369477911647	0	0	0	0	0.01	0.01	0.01	0	-1
0.01	0.019317838816782378	0.01	0.01	0	0	0.02531645569620253	0.014400000000000001	0.01	0	0	0	0	0.01	0.01	0	0	0	0.01	0.01	-1
0.01	0	0.01	0	0.08556149732620323	0	0	0.014400000000000001	0	0.1935483870967742	0.16071428571428573	0.3092369477911647	0	0	0.01	0.01	0	0.01	0.01	0	-1
0.01	0.019317838816782378	0.01	0.01	0.08556149732620323	0.05357142857142857	0.02531645569620253	0.014400000000000001	0.01	0.1935483870967742	0	0	0.047619047619047616	0.01	0	0.01	0.01	0.01	0.01	0.01	-1
0.01	0.019317838816782378	0.01	0	0.08556149732620323	0	0.02531645569620253	0.014400000000000001	0	0.1935483870967742	0.16071428571428573	0.3092369477911647	0	0.01	0	0	0.01	0.01	0	0.01	-1
0.01	0.019317838816782378	0.01	0.01	0.08556149732620323	0.05357142857142857	0	0	0.01	0.1935483870967742	0.16071428571428573	0	0	0.01	0	0.01	0.01	0.01	0.01	0.01	-1
0.01	0.019317838816782378	0.01	0.01	0.08556149732620323	0.05357142857142857	0.02531645569620253	0.014400000000000001	0	0	0.16071428571428573	0	0.047619047619047616	0	0	0	0	0	0	0.01	-1
0.01	0.019317838816782378	0.01	0	0.08556149732620323	0.05357142857142857	0	0.014400000000000001	0.01	0	0.16071428571428573	0.3092369477911647	0.047619047619047616	0	0	0.01	0.01	0	0	0	-1
0.01	0	0.01	0.01	0	0.05357142857142857	0.02531645569620253	0	0.01	0.1935483870967742	0	0.3092369477911647	0.047619047619047616	0.01	0	0	0	0.01	0.01	0	-1
0.01	0	0	0.01	0	0.05357142857142857	0	0	0.01	0.1935483870967742	0.16071428571428573	0	0.047619047619047616	0	0.01	0	0	0.01	0	0.01	-1
0.01	0.019317838816782378	0.01	0.01	0.08556149732620323	0.05357142857142857	0	0.014400000000000001	0.01	0.1935483870967742	0.16071428571428573	0.3092369477911647	0.047619047619047616	0	0	0.01	0.01	0.01	0.01	0.01	-1
0.01	0.019317838816782378	0.01	0.01	0.08556149732620323	0.05357142857142857	0	0.014400000000000001	0	0.1935483870967742	0.16071428571428573	0	0	0	0	0	0.01	0.01	0	0.01	-1
0.01	0	0.01	0	0.08556149732620323	0	0.02531645569620253	0.014400000000000001	0	0	0.16071428571428573	0.3092369477911647	0	0.01	0	0	0.01	0.01	0.01	0.01	-1
0.01	0.019317838816782378	0.01	0.01	0.08556149732620323	0	0.02531645569620253	0	0.01	0.1935483870967742	0.16071428571428573	0.3092369477911647	0	0	0.01	0	0	0.01	0.01	0.01	-1
0.01	0.019317838816782378	0.01	0	0.08556149732620323	0.05357142857142857	0.02531645569620253	0	0	0.1935483870967742	0.16071428571428573	0.3092369477911647	0.047619047619047616	0	0	0.01	0	0.01	0	0	-1
0.01	0	0	0.01	0.08556149732620323	0	0.02531645569620253	0	0.01	0	0	0	0.047619047619047616	0	0.01	0	0	0.01	0.01	0.01	-1
0.01	0.019317838816782378	0	0.01	0.08556149732620323	0.05357142857142857	0.02531645569620253	0	0	0.1935483870967742	0.16071428571428573	0	0	0.01	0.01	0	0.01	0.01	0	0.01	-1
0.01	0	0.01	0.01	0.08556149732620323	0.05357142857142857	0	0	0	0.1935483870967742	0.16071428571428573	0.3092369477911647	0.047619047619047616	0.01	0.01	0.01	0	0	0	0	-1
0.01	0.019317838816782378	0.01	0.01	0	0	0.02531645569620253	0.014400000000000001	0.01	0.1935483870967742	0	0.3092369477911647	0	0.01	0.01	0	0.01	0	0	0	-1
0.01	0.019317838816782378	0.01	0.01	0	0.05357142857142857	0.02531645569620253	0	0	0	0	0.3092369477911647	0.047619047619047616	0.01	0.01	0	0.01	0.01	0.01	0.01	-1
0.01	0.019317838816782378	0.01	0.01	0.08556149732620323	0	0	0	0	0.1935483870967742	0.16071428571428573	0	0.047619047619047616	0.01	0.01	0	0	0.01	0.01	0.01	-1
0.01	0.019317838816782378	0	0.01	0	0	0.02531645569620253	0.014400000000000001	0.01	0.1935483870967742	0.16071428571428573	0.3092369477911647	0.047619047619047616	0.01	0.01	0	0	0.01	0.01	0.01	-1
0.01	0.019317838816782378	0	0.01	0	0	0	0	0.01	0.1935483870967742	0.16071428571428573	0	0	0	0	0.01	0.01	0.01	0.01	0	-1
0.01	0.019317838816782378	0.01	0	0	0	0	0	0	0	0	0	0.047619047619047616	0	0.01	0	0.01	0.01	0	0	-1
0.01	0	0	0.01	0	0.05357142857142857	0.02531645569620253	0.014400000000000001	0.01	0	0	0.3092369477911647	0.047619047619047616	0	0	0.01	0	0	0.01	0.01	-1
0.01	0.019317838816782378	0	0.01	0	0.05357142857142857	0.02531645569620253	0	0.01	0	0.16071428571428573	0	0	0.01	0.01	0	0	0	0.01	0.01	-1
0.01	0.019317838816782378	0.01	0	0.08556149732620323	0	0.02531645569620253	0	0.01	0	0.16071428571428573	0.3092369477911647	0.047619047619047616	0	0.01	0.01	0.01	0.01	0.01	0.01	-1
0.01	0.019317838816782378	0.01	0	0	0	0.02531645569620253	0.014400000000000001	0	0	0	0	0	0	0	0.01	0.01	0.01	0.01	0.01	-1
0.01	0.019317838816782378	0	0.01	0.08556149732620323	0.05357142857142857	0.02531645569620253	0.014400000000000001	0.01	0	0	0	0.047619047619047616	0.01	0.01	0.01	0.01	0.01	0.01	0.01	-1
0.01	0	0.01	0.01	0.08556149732620323	0.05357142857142857	0	0.014400000000000001	0.01	0.1935483870967742	0.16071428571428573	0.3092369477911647	0.047619047619047616	0.01	0	0	0	0.01	0.01	0.01	-1
0.01	0.019317838816782378	0.01	0.01	0.08556149732620323	0.05357142857142857	0.02531645569620253	0.014400000000000001	0	0	0	0.3092369477911647	0.047619047619047616	0.01	0.01	0.01	0.01	0.01	0.01	0.01	-1
0.01	0	0	0.01	0.08556149732620323	0.05357142857142857	0.02531645569620253	0.014400000000000001	0	0.1935483870967742	0	0	0	0.01	0	0	0.01	0.01	0.01	0.01	-1
0.01	0.019317838816782378	0.01	0	0.08556149732620323	0	0.02531645569620253	0.014400000000000001	0	0	0.16071428571428573	0.3092369477911647	0	0.01	0	0	0.01	0.01	0.01	0.01	-1
0.01	0.019317838816782378	0	0	0.08556149732620323	0.05357142857142857	0.02531645569620253	0.014400000000000001	0	0.1935483870967742	0.16071428571428573	0	0	0.01	0	0.01	0	0.01	0.01	0.01	-1
0.01	0.019317838816782378	0.01	0	0.08556149732620323	0.05357142857142857	0	0.014400000000000001	0.01	0.1935483870967742	0.16071428571428573	0.3092369477911647	0.047619047619047616	0.01	0	0.01	0.01	0.01	0	0	-1
0.01	0.019317838816782378	0.01	0.01	0.08556149732620323	0	0	0	0.01	0.1935483870967742	0.16071428571428573	0.3092369477911647	0	0	0.01	0.01	0	0	0.01	0.01	-1
0.01	0.019317838816782378	0.01	0.01	0	0.05357142857142857	0.02531645569620253	0	0	0	0	0.3092369477911647	0.047619047619047616	0.01	0	0	0.01	0	0	0.01	-1
0.01	0	0	0.01	0.08556149732620323	0	0.02531645569620253	0.014400000000000001	0.01	0.1935483870967742	0	0	0.047619047619047616	0.01	0	0.01	0	0	0.01	0.01	-1
0.01	0	0.01	0	0.08556149732620323	0.05357142857142857	0	0.014400000000000001	0.01	0.1935483870967742	0	0	0	0	0.01	0.01	0	0.01	0.01	0.01	-1
0.01	0.019317838816782378	0.01	0	0	0	0.02531645569620253	0.014400000000000001	0	0	0	0.3092369477911647	0	0.01	0	0.01	0.01	0.01	0.01	0.01	-1
0.01	0.019317838816782378	0	0	0	0	0	0	0	0.1935483870967742	0	0.3092369477911647	0	0	0.01	0.01	0.01	0	0.01	0.01	-1
0.01	0	0.01	0.01	0.08556149732620323	0.05357142857142857	0.02531645569620253	0	0.01	0	0	0	0	0.01	0	0.01	0.01	0.01	0	0	-1
0.01	0	0.01	0.01	0.08556149732620323	0.05357142857142857	0	0	0	0.1935483870967742	0.16071428571428573	0.3092369477911647	0.047619047619047616	0.01	0	0	0	0.01	0	0	-1
0.01	0	0	0.01	0.08556149732620323	0.05357142857142857	0.02531645569620253	0.014400000000000001	0.01	0	0.16071428571428573	0	0.047619047619047616	0	0.01	0.01	0.01	0	0.01	0	-1
0.01	0.019317838816782378	0	0	0.08556149732620323	0.05357142857142857	0	0	0	0.1935483870967742	0.16071428571428573	0.3092369477911647	0.047619047619047616	0.01	0	0.01	0.01	0.01	0	0	-1
0.01	0.019317838816782378	0	0	0.08556149732620323	0	0	0.014400000000000001	0.01	0	0.16071428571428573	0	0.047619047619047616	0	0	0.01	0.01	0	0	0.01	-1
0.01	0.019317838816782378	0.01	0	0.08556149732620323	0.05357142857142857	0.02531645569620253	0.014400000000000001	0	0	0	0	0.047619047619047616	0.01	0.01	0	0	0	0	0.01	-1
0.01	0.019317838816782378	0.01	0	0	0	0.02531645569620253	0.014400000000000001	0	0	0	0.3092369477911647	0.047619047619047616	0	0	0	0	0.01	0	0	-1
0.01	0.019317838816782378	0	0.01	0	0.05357142857142857	0	0	0.01	0.1935483870967742	0.16071428571428573	0.3092369477911647	0.047619047619047616	0.01	0.01	0.01	0.01	0	0.01	0.01	-1
0.01	0.019317838816782378	0.01	0	0	0.05357142857142857	0.02531645569620253	0	0.01	0	0	0.3092369477911647	0	0	0.01	0.01	0.01	0	0.01	0.01	-1
0.01	0.019317838816782378	0	0	0	0.05357142857142857	0	0.014400000000000001	0.01	0.1935483870967742	0.16071428571428573	0	0.047619047619047616	0	0	0.01	0.01	0	0.01	0.01	-1
0.01	0	0	0.01	0.08556149732620323	0.05357142857142857	0.02531645569620253	0.014400000000000001	0.01	0	0	0.3092369477911647	0.047619047619047616	0.01	0	0	0	0.01	0.01	0.01	-1
0.01	0	0.01	0.01	0.08556149732620323	0.05357142857142857	0	0	0	0	0	0.3092369477911647	0.047619047619047616	0.01	0.01	0.01	0.01	0	0	0.01	-1
0.01	0	0.01	0	0.08556149732620323	0	0.02531645569620253	0.014400000000000001	0.01	0	0	0	0	0.01	0.01	0	0.01	0	0.01	0	-1
0.01	0.019317838816782378	0.01	0.01	0.08556149732620323	0.05357142857142857	0.02531645569620253	0.014400000000000001	0	0.1935483870967742	0.16071428571428573	0.3092369477911647	0.047619047619047616	0	0	0.01	0	0.01	0.01	0.01	-1
0.01	0.019317838816782378	0.01	0	0	0.05357142857142857	0.02531645569620253	0.014400000000000001	0.01	0	0.16071428571428573	0.3092369477911647	0	0.01	0	0.01	0.01	0.01	0.01	0	-1
0.01	0.019317838816782378	0.01	0	0.08556149732620323	0	0	0	0.01	0.1935483870967742	0.16071428571428573	0.3092369477911647	0	0	0	0.01	0.01	0.01	0	0	-1
0.01	0.019317838816782378	0.01	0.01	0.08556149732620323	0.05357142857142857	0	0	0.01	0	0	0	0.047619047619047616	0.01	0.01	0	0	0	0	0.01	-1
0.01	0.019317838816782378	0	0	0	0.05357142857142857	0.02531645569620253	0	0.01	0.1935483870967742	0.16071428571428573	0.3092369477911647	0	0	0	0	0.01	0	0.01	0.01	-1
0.01	0.019317838816782378	0.01	0	0.08556149732620323	0.05357142857142857	0	0.014400000000000001	0	0	0	0.3092369477911647	0.047619047619047616	0	0	0.01	0.01	0	0.01	0	-1
0.01	0.019317838816782378	0	0.01	0.08556149732620323	0.05357142857142857	0.02531645569620253	0.014400000000000001	0.01	0	0	0.3092369477911647	0.047619047619047616	0.01	0.01	0.01	0	0	0	0.01	-1
0.01	0.019317838816782378	0.01	0.01	0.08556149732620323	0	0	0	0	0.1935483870967742	0.16071428571428573	0.3092369477911647	0	0.01	0	0	0.01	0.01	0.01	0	-1
0.01	0	0	0.01	0.08556149732620323	0.05357142857142857	0.02531645569620253	0.014400000000000001	0	0.1935483870967742	0.16071428571428573	0.3092369477911647	0.047619047619047616	0.01	0.01	0	0.01	0.01	0.01	0	-1
0.01	0.019317838816782378	0.01	0.01	0.08556149732620323	0.05357142857142857	0	0.014400000000000001	0.01	0.1935483870967742	0.16071428571428573	0.3092369477911647	0.047619047619047616	0	0	0.01	0.01	0.01	0	0.01	-1
0.01	0.019317838816782378	0.01	0	0.08556149732620323	0	0.02531645569620253	0.014400000000000001	0.01	0.1935483870967742	0.16071428571428573	0	0	0.01	0.01	0.01	0	0	0.01	0.01	-1
0.01	0.019317838816782378	0	0	0.08556149732620323	0	0	0.014400000000000001	0.01	0	0.16071428571428573	0	0.047619047619047616	0	0	0.01	0.01	0	0	0.01	-1
0.01	0.019317838816782378	0.01	0	0.08556149732620323	0.05357142857142857	0	0.014400000000000001	0.01	0.1935483870967742	0	0	0	0	0	0.01	0	0.01	0.01	0	-1
0.01	0.019317838816782378	0.01	0.01	0.08556149732620323	0.05357142857142857	0	0	0.01	0.1935483870967742	0.16071428571428573	0	0.047619047619047616	0	0.01	0	0.01	0.01	0	0.01	-1
0.01	0.019317838816782378	0.01	0	0	0.05357142857142857	0.02531645569620253	0.014400000000000001	0	0	0.16071428571428573	0.3092369477911647	0	0	0	0	0.01	0.01	0	0.01	-1
0.01	0.019317838816782378	0.01	0.01	0.08556149732620323	0	0.02531645569620253	0	0	0	0	0	0.047619047619047616	0.01	0.01	0	0	0.01	0.01	0	-1
0.01	0.019317838816782378	0.01	0.01	0	0	0	0	0.01	0.1935483870967742	0.16071428571428573	0	0	0.01	0.01	0	0	0	0.01	0	-1
0.01	0.019317838816782378	0.01	0.01	0.08556149732620323	0	0.02531645569620253	0.014400000000000001	0.01	0.1935483870967742	0.16071428571428573	0	0.047619047619047616	0	0.01	0.01	0	0	0.01	0.01	-1
0.01	0.019317838816782378	0	0	0	0.05357142857142857	0.02531645569620253	0.014400000000000001	0.01	0.1935483870967742	0	0.3092369477911647	0.047619047619047616	0.01	0	0.01	0.01	0	0	0	-1
0.01	0	0	0.01	0	0.05357142857142857	0	0	0.01	0	0	0	0.047619047619047616	0.01	0	0	0.01	0.01	0	0.01	-1
0.01	0.019317838816782378	0.01	0.01	0	0	0	0	0	0.1935483870967742	0	0.3092369477911647	0	0.01	0.01	0	0.01	0.01	0.01	0	-1
0.01	0.019317838816782378	0	0.01	0	0	0	0	0	0	0	0.3092369477911647	0.047619047619047616	0	0.01	0.01	0.01	0	0	0	-1
0.01	0	0.01	0	0	0.05357142857142857	0	0.014400000000000001	0	0.1935483870967742	0.16071428571428573	0	0	0.01	0.01	0.01	0	0	0.01	0	-1
0.01	0.019317838816782378	0.01	0	0.08556149732620323	0	0.02531645569620253	0.014400000000000001	0.01	0	0	0.3092369477911647	0.047619047619047616	0.01	0.01	0.01	0.01	0.01	0.01	0	-1
0.01	0.019317838816782378	0.01	0	0.08556149732620323	0	0.02531645569620253	0.014400000000000001	0	0.1935483870967742	0	0.3092369477911647	0.047619047619047616	0	0.01	0.01	0.01	0.01	0	0	-1
0.01	0.019317838816782378	0.01	0	0.08556149732620323	0.05357142857142857	0	0	0.01	0.1935483870967742	0	0	0	0	0.01	0	0.01	0	0	0	-1
0.01	0	0.01	0	0.08556149732620323	0.05357142857142857	0	0.014400000000000001	0	0	0.16071428571428573	0	0.047619047619047616	0.01	0	0.01	0	0.01	0	0.01	-1
0.01	0.019317838816782378	0.01	0	0.08556149732620323	0	0	0.014400000000000001	0	0.1935483870967742	0.16071428571428573	0	0.047619047619047616	0	0	0	0.01	0.01	0	0	-1
0.01	0.019317838816782378	0	0.01	0.08556149732620323	0.05357142857142857	0	0	0.01	0	0	0.3092369477911647	0.047619047619047616	0.01	0	0.01	0	0.01	0.01	0.01	-1
0.01	0.019317838816782378	0.01	0.01	0.08556149732620323	0.05357142857142857	0.02531645569620253	0	0	0.1935483870967742	0	0.3092369477911647	0.047619047619047616	0	0.01	0.01	0.01	0	0.01	0.01	-1
0.01	0.019317838816782378	0.01	0.01	0.08556149732620323	0	0	0.014400000000000001	0.01	0.1935483870967742	0.16071428571428573	0.3092369477911647	0	0	0.01	0	0.01	0	0.01	0.01	-1
0.01	0	0.01	0.01	0	0.05357142857142857	0	0.014400000000000001	0.01	0	0	0.3092369477911647	0.047619047619047616	0.01	0.01	0	0	0.01	0	0	-1
0.01	0.019317838816782378	0.01	0.01	0.08556149732620323	0.05357142857142857	0.02531645569620253	0	0.01	0	0.16071428571428573	0	0	0	0	0	0.01	0	0.01	0.01	-1
0.01	0.019317838816782378	0.01	0.01	0	0.05357142857142857	0	0	0	0.1935483870967742	0.16071428571428573	0	0	0.01	0.01	0.01	0	0.01	0	0.01	-1
0.01	0.019317838816782378	0	0.01	0.08556149732620323	0	0.02531645569620253	0	0.01	0.1935483870967742	0	0	0	0.01	0	0.01	0.01	0.01	0.01	0.01	-1
0.01	0	0.01	0.01	0.08556149732620323	0.05357142857142857	0	0	0	0.1935483870967742	0.16071428571428573	0.3092369477911647	0.047619047619047616	0	0.01	0.01	0.01	0.01	0.01	0	-1
0.01	0.019317838816782378	0.01	0	0	0.05357142857142857	0.02531645569620253	0.014400000000000001	0	0	0.16071428571428573	0	0.047619047619047616	0.01	0	0.01	0	0.01	0.01	0	-1
0.01	0	0.01	0	0	0.05357142857142857	0.02531645569620253	0.014400000000000001	0.01	0.1935483870967742	0.16071428571428573	0.3092369477911647	0.047619047619047616	0	0	0.01	0.01	0.01	0.01	0	-1
0.01	0.019317838816782378	0	0.01	0	0	0.02531645569620253	0	0.01	0	0.16071428571428573	0.3092369477911647	0	0	0.01	0.01	0.01	0	0	0.01	-1
0.01	0.019317838816782378	0.01	0.01	0.08556149732620323	0.05357142857142857	0	0.014400000000000001	0.01	0.1935483870967742	0	0.3092369477911647	0	0	0	0	0.01	0.01	0.01	0.01	-1
0.01	0	0.01	0.01	0.08556149732620323	0	0	0.014400000000000001	0	0	0.16071428571428573	0.3092369477911647	0.047619047619047616	0	0.01	0	0.01	0.01	0.01	0	-1
0.01	0.019317838816782378	0	0	0	0.05357142857142857	0.02531645569620253	0.014400000000000001	0.01	0.1935483870967742	0	0.3092369477911647	0.047619047619047616	0.01	0	0.01	0.01	0	0	0	-1
0.01	0.019317838816782378	0.01	0	0.08556149732620323	0	0.02531645569620253	0	0.01	0.1935483870967742	0	0.3092369477911647	0.047619047619047616	0	0.01	0.01	0	0	0	0	-1
0.01	0.019317838816782378	0	0.01	0.08556149732620323	0.05357142857142857	0.02531645569620253	0	0.01	0.1935483870967742	0.16071428571428573	0.3092369477911647	0	0.01	0.01	0.01	0	0.01	0.01	0.01	-1
0.01	0.019317838816782378	0.01	0	0.08556149732620323	0	0	0	0.01	0.1935483870967742	0.16071428571428573	0.3092369477911647	0	0	0	0.01	0.01	0.01	0	0	-1
0.01	0.019317838816782378	0.01	0	0	0	0	0.014400000000000001	0.01	0.1935483870967742	0.16071428571428573	0.3092369477911647	0.047619047619047616	0	0.01	0.01	0.01	0.01	0	0	-1
0.01	0	0.01	0.01	0.08556149732620323	0.05357142857142857	0	0	0	0	0.16071428571428573	0	0.047619047619047616	0.01	0	0	0.01	0.01	0.01	0	-1
0.01	0.019317838816782378	0.01	0.01	0	0.05357142857142857	0.02531645569620253	0	0	0.1935483870967742	0	0.3092369477911647	0	0.01	0.01	0	0	0.01	0	0	-1
0.01	0	0.01	0.01	0.08556149732620323	0	0	0.014400000000000001	0	0	0.16071428571428573	0.3092369477911647	0.047619047619047616	0	0.01	0	0.01	0.01	0.01	0	-1
0.01	0.019317838816782378	0.01	0	0.08556149732620323	0	0	0.014400000000000001	0	0.1935483870967742	0.16071428571428573	0	0	0.01	0.01	0.01	0	0.01	0	0	-1
0.01	0.019317838816782378	0.01	0.01	0	0.05357142857142857	0	0.014400000000000001	0	0.1935483870967742	0.16071428571428573	0.3092369477911647	0	0	0.01	0.01	0.01	0	0.01	0.01	-1
0.01	0.019317838816782378	0.01	0	0.08556149732620323	0.05357142857142857	0.02531645569620253	0.014400000000000001	0.01	0.1935483870967742	0.16071428571428573	0.3092369477911647	0	0.01	0.01	0.01	0	0.01	0.01	0.01	-1
0.01	0.019317838816782378	0	0.01	0.08556149732620323	0	0	0	0.01	0	0.16071428571428573	0.3092369477911647	0.047619047619047616	0.01	0.01	0	0.01	0	0.01	0.01	-1
0.01	0.019317838816782378	0.01	0.01	0.08556149732620323	0.05357142857142857	0	0.014400000000000001	0.01	0.1935483870967742	0.16071428571428573	0	0	0.01	0.01	0	0	0.01	0	0.01	-1
0.01	0.019317838816782378	0.01	0.01	0.08556149732620323	0	0	0.014400000000000001	0.01	0.1935483870967742	0.16071428571428573	0.3092369477911647	0	0	0.01	0	0.01	0	0	0	-1
0.01	0	0.01	0.01	0.08556149732620323	0.05357142857142857	0.02531645569620253	0.014400000000000001	0.01	0	0.16071428571428573	0.3092369477911647	0.047619047619047616	0	0.01	0.01	0.01	0.01	0.01	0	-1
0.01	0.019317838816782378	0	0	0	0.05357142857142857	0.02531645569620253	0.014400000000000001	0.01	0.1935483870967742	0.16071428571428573	0.3092369477911647	0.047619047619047616	0.01	0.01	0.01	0.01	0.01	0	0	-1
0.01	0.019317838816782378	0.01	0.01	0	0.05357142857142857	0.02531645569620253	0	0.01	0	0.16071428571428573	0.3092369477911647	0.047619047619047616	0	0	0	0.01	0.01	0.01	0.01	-1
0.01	0.019317838816782378	0.01	0.01	0.08556149732620323	0	0	0.014400000000000001	0	0.1935483870967742	0	0	0	0.01	0.01	0.01	0.01	0	0.01	0.01	-1
0.01	0.019317838816782378	0.01	0.01	0.08556149732620323	0.05357142857142857	0	0	0	0.1935483870967742	0.16071428571428573	0.3092369477911647	0	0.01	0	0	0.01	0	0	0.01	-1
0.01	0.019317838816782378	0.01	0.01	0	0	0.02531645569620253	0.014400000000000001	0.01	0.1935483870967742	0.16071428571428573	0	0	0	0.01	0	0	0.01	0	0	-1
0.01	0	0	0.01	0	0	0	0.014400000000000001	0.01	0.1935483870967742	0.16071428571428573	0	0.047619047619047616	0	0.01	0.01	0	0	0	0.01	-1
0.01	0.019317838816782378	0	0	0.08556149732620323	0.05357142857142857	0.02531645569620253	0	0	0	0.16071428571428573	0.3092369477911647	0	0	0.01	0.01	0.01	0.01	0	0.01	-1
0.01	0.019317838816782378	0.01	0	0.08556149732620323	0	0.02531645569620253	0	0.01	0	0	0.3092369477911647	0.047619047619047616	0.01	0.01	0.01	0	0.01	0.01	0.01	-1
0.01	0.019317838816782378	0	0	0.08556149732620323	0.05357142857142857	0	0.014400000000000001	0.01	0	0.16071428571428573	0.3092369477911647	0.047619047619047616	0.01	0	0	0	0	0.01	0.01	-1
0.01	0.019317838816782378	0	0.01	0.08556149732620323	0	0.02531645569620253	0	0.01	0	0	0.3092369477911647	0.047619047619047616	0.01	0.01	0.01	0.01	0.01	0.01	0.01	-1
0.01	0.019317838816782378	0	0	0	0	0.02531645569620253	0.014400000000000001	0.01	0.1935483870967742	0.16071428571428573	0	0.047619047619047616	0	0.01	0	0.01	0.01	0	0	-1
0.01	0.019317838816782378	0	0.01	0.08556149732620323	0	0	0	0	0.1935483870967742	0	0.3092369477911647	0	0.01	0	0.01	0.01	0.01	0	0.01	-1
0.01	0.019317838816782378	0.01	0	0.08556149732620323	0.05357142857142857	0	0.014400000000000001	0	0	0	0.3092369477911647	0.047619047619047616	0	0.01	0.01	0.01	0.01	0.01	0.01	-1
0.01	0	0.01	0.01	0	0	0	0.014400000000000001	0	0.1935483870967742	0.16071428571428573	0	0	0.01	0.01	0.01	0.01	0.01	0	0	-1
0.01	0.019317838816782378	0.01	0	0.08556149732620323	0	0	0.014400000000000001	0.01	0	0	0.3092369477911647	0.047619047619047616	0	0.01	0.01	0.01	0.01	0	0	-1
0.01	0.019317838816782378	0.01	0	0.08556149732620323	0	0	0.014400000000000001	0.01	0.1935483870967742	0	0	0.047619047619047616	0	0.01	0	0	0.01	0	0.01	-1
0.01	0	0.01	0.01	0.08556149732620323	0.05357142857142857	0	0.014400000000000001	0.01	0.1935483870967742	0.16071428571428573	0.3092369477911647	0	0	0	0.01	0	0.01	0	0.01	-1
0.01	0.019317838816782378	0.01	0.01	0.08556149732620323	0.05357142857142857	0	0	0.01	0	0.16071428571428573	0.3092369477911647	0	0.01	0.01	0	0	0	0.01	0	-1
0.01	0.019317838816782378	0	0	0	0.05357142857142857	0.02531645569620253	0	0.01	0.1935483870967742	0.16071428571428573	0.3092369477911647	0	0	0	0	0.01	0	0.01	0.01	-1
0.01	0	0	0.01	0.08556149732620323	0.05357142857142857	0.02531645569620253	0	0.01	0	0	0	0.047619047619047616	0	0.01	0.01	0.01	0.01	0	0.01	-1
0.01	0	0.01	0	0.08556149732620323	0.05357142857142857	0.02531645569620253	0.014400000000000001	0.01	0.1935483870967742	0.16071428571428573	0	0.047619047619047616	0.01	0	0	0.01	0.01	0.01	0	-1
0.01	0.019317838816782378	0	0	0	0	0.02531645569620253	0	0.01	0	0.16071428571428573	0.3092369477911647	0.047619047619047616	0.01	0.01	0.01	0.01	0.01	0	0.01	-1
0.01	0.019317838816782378	0	0	0.08556149732620323	0	0.02531645569620253	0	0.01	0.1935483870967742	0.16071428571428573	0.3092369477911647	0.047619047619047616	0	0	0.01	0	0.01	0	0.01	-1
0.01	0.019317838816782378	0.01	0.01	0.08556149732620323	0	0	0	0.01	0.1935483870967742	0.16071428571428573	0	0	0.01	0.01	0.01	0	0.01	0	0	-1
0.01	0.019317838816782378	0.01	0	0	0.05357142857142857	0.02531645569620253	0.014400000000000001	0	0.1935483870967742	0	0	0	0.01	0	0.01	0.01	0.01	0.01	0.01	-1
0.01	0.019317838816782378	0.01	0	0	0	0.02531645569620253	0.014400000000000001	0	0	0.16071428571428573	0.3092369477911647	0	0.01	0	0.01	0	0	0.01	0.01	-1
0.01	0.019317838816782378	0	0.01	0.08556149732620323	0	0.02531645569620253	0	0.01	0.1935483870967742	0	0.3092369477911647	0	0.01	0	0.01	0.01	0	0.01	0.01	-1
0.01	0.019317838816782378	0.01	0	0	0	0.02531645569620253	0	0.01	0	0.16071428571428573	0.3092369477911647	0.047619047619047616	0	0.01	0.01	0	0.01	0	0.01	-1
0.01	0.019317838816782378	0.01	0.01	0.08556149732620323	0	0	0	0.01	0.1935483870967742	0.16071428571428573	0	0	0.01	0.01	0.01	0	0.01	0	0	-1
0.01	0	0.01	0	0.08556149732620323	0.05357142857142857	0	0.014400000000000001	0	0	0.16071428571428573	0	0.047619047619047616	0.01	0	0.01	0	0.01	0	0.01	-1
0.01	0.019317838816782378	0	0.01	0.08556149732620323	0.05357142857142857	0	0.014400000000000001	0	0.1935483870967742	0.16071428571428573	0	0.047619047619047616	0.01	0.01	0	0	0	0.01	0.01	-1
0.01	0	0.01	0.01	0.08556149732620323	0	0	0.014400000000000001	0	0	0.16071428571428573	0.3092369477911647	0.047619047619047616	0	0.01	0	0.01	0.01	0.01	0	-1
0.01	0.019317838816782378	0.01	0	0.08556149732620323	0.05357142857142857	0.02531645569620253	0.014400000000000001	0.01	0	0.16071428571428573	0.3092369477911647	0.047619047619047616	0.01	0	0.01	0	0.01	0.01	0	-1
0.01	0	0.01	0	0.08556149732620323	0.05357142857142857	0.02531645569620253	0.014400000000000001	0	0	0.16071428571428573	0.3092369477911647	0.047619047619047616	0	0	0.01	0	0.01	0.01	0	-1
