0.01	0	0	0	0	0	0.020942408376963352	0	0	0	0	0.020250723240115717	0.06292906178489704	0.014365522745411013	0.01622874806800618	0.05668934240362812	0.009883720930232558	0.008842443729903537	0	1
0.01	0	0	0	0	0	0	0	0.0510948905109489	0	0	0	0	0	0	0	0	0	0	1
0.01	0	0	0	0	0	0.020942408376963352	0	0	0	0	0	0	0	0.01622874806800618	0	0	0	0	1
0.01	0	0	0	0	0	0.020942408376963352	0	0	0	0	0	0	0	0	0	0	0	0	1
0.01	0	0	0	0.04950495049504951	0	0	0	0	0	0	0	0.06292906178489704	0	0	0	0	0	0	1
0.01	0	0	0	0	0	0	0	0	0	0	0	0	0	0.01622874806800618	0	0	0	0	1
0.01	0	0	0	0	0.030321406913280776	0	0	0	0	0	0	0	0	0	0	0	0	0	1
0.01	0	0	0	0	0	0	0	0	0	0	0	0	0	0	0.05668934240362812	0	0	0	1
0.01	0	0	0	0	0.030321406913280776	0	0	0	0	0.02922077922077922	0	0.06292906178489704	0.014365522745411013	0	0	0.009883720930232558	0	0	1
0.01	0	0	0	0	0	0	0	0	0	0	0	0	0	0.01622874806800618	0	0	0	0.017008504252126067	1
0.01	0.009187778623464173	0.016685205784204675	0	0.04950495049504951	0.030321406913280776	0.020942408376963352	0	0.0510948905109489	0	0	0	0	0.014365522745411013	0.01622874806800618	0	0.009883720930232558	0	0.017008504252126067	1
0.01	0	0	0	0.04950495049504951	0	0	0	0.0510948905109489	0	0	0	0.06292906178489704	0	0	0.05668934240362812	0.009883720930232558	0	0	1
0.01	0.009187778623464173	0	0.020093770931011386	0.04950495049504951	0.030321406913280776	0	0	0	0	0	0.020250723240115717	0	0	0.01622874806800618	0	0	0.008842443729903537	0	1
0.01	0	0	0.020093770931011386	0	0	0	0	0.0510948905109489	0.010152284263959392	0	0	0	0	0	0.05668934240362812	0	0	0	1
0.01	0	0	0	0	0	0	0	0	0	0	0.020250723240115717	0.06292906178489704	0.014365522745411013	0	0	0	0	0	1
0.01	0	0	0	0	0	0	0.13975903614457832	0.0510948905109489	0	0	0	0	0	0	0.05668934240362812	0	0	0	1
0.01	0	0	0.020093770931011386	0	0	0	0	0.0510948905109489	0	0.02922077922077922	0	0	0	0	0	0	0.008842443729903537	0	1
0.01	0	0	0	0	0	0	0	0	0	0	0	0	0	0	0	0	0	0.017008504252126067	1
0.01	0	0.016685205784204675	0.020093770931011386	0.04950495049504951	0.030321406913280776	0	0	0	0	0.02922077922077922	0.020250723240115717	0	0.014365522745411013	0.01622874806800618	0.05668934240362812	0.009883720930232558	0	0	1
0.01	0	0	0	0	0	0	0	0	0	0	0	0	0	0.01622874806800618	0	0	0	0	1
0.01	0	0	0	0	0	0	0	0	0	0	0	0.06292906178489704	0	0.01622874806800618	0	0	0	0	1
0.01	0	0	0	0.04950495049504951	0	0	0	0	0	0	0	0	0	0	0	0	0	0	1
0.01	0	0	0	0	0	0	0	0.0510948905109489	0	0	0	0.06292906178489704	0	0	0	0.009883720930232558	0	0	1
0.01	0.009187778623464173	0.016685205784204675	0.020093770931011386	0.04950495049504951	0.030321406913280776	0.020942408376963352	0.13975903614457832	0.0510948905109489	0.010152284263959392	0.02922077922077922	0.020250723240115717	0.06292906178489704	0.014365522745411013	0.01622874806800618	0.05668934240362812	0.009883720930232558	0.008842443729903537	0.017008504252126067	1
0.01	0.009187778623464173	0.016685205784204675	0	0	0	0	0	0	0	0	0	0.06292906178489704	0.014365522745411013	0	0	0.009883720930232558	0	0	1
0.01	0	0.016685205784204675	0.020093770931011386	0	0	0	0	0	0	0	0.020250723240115717	0.06292906178489704	0.014365522745411013	0	0	0	0.008842443729903537	0	1
0.01	0	0	0	0	0	0	0	0	0	0.02922077922077922	0	0	0	0	0	0	0	0	1
0.01	0.009187778623464173	0.016685205784204675	0	0	0.030321406913280776	0.020942408376963352	0	0.0510948905109489	0	0.02922077922077922	0.020250723240115717	0.06292906178489704	0	0	0.05668934240362812	0	0.008842443729903537	0	1
0.01	0	0	0	0	0	0	0	0	0	0.02922077922077922	0	0	0	0	0	0	0	0	1
0.01	0	0	0	0.04950495049504951	0	0	0.13975903614457832	0	0	0.02922077922077922	0	0	0	0	0	0	0.008842443729903537	0.017008504252126067	1
0.01	0	0	0	0	0	0	0.13975903614457832	0	0	0	0	0	0.014365522745411013	0	0	0	0	0	1
0.01	0	0	0	0	0	0	0	0.0510948905109489	0	0	0	0.06292906178489704	0	0	0.05668934240362812	0	0	0	1
0.01	0	0	0	0	0	0	0	0	0	0	0	0	0	0	0.05668934240362812	0	0	0	1
0.01	0	0	0	0	0	0	0	0	0	0	0	0	0.014365522745411013	0	0	0	0	0	1
0.01	0	0	0	0	0	0	0	0.0510948905109489	0	0	0	0.06292906178489704	0	0	0	0	0	0	1
0.01	0.009187778623464173	0.016685205784204675	0.020093770931011386	0.04950495049504951	0.030321406913280776	0.020942408376963352	0	0	0	0	0	0	0.014365522745411013	0.01622874806800618	0.05668934240362812	0	0	0	1
0.01	0	0	0	0	0	0	0	0	0	0	0	0	0	0	0	0	0	0	1
0.01	0	0	0	0	0.030321406913280776	0	0	0	0	0	0	0	0	0	0	0	0	0.017008504252126067	1
0.01	0	0	0	0	0	0	0	0	0	0	0	0	0.014365522745411013	0	0	0	0	0	1
0.01	0	0	0	0	0.030321406913280776	0	0	0	0	0	0	0	0	0	0	0.009883720930232558	0	0	1
0.01	0	0	0	0.04950495049504951	0	0	0	0	0	0	0	0	0	0	0	0	0	0	1
0.01	0.009187778623464173	0.016685205784204675	0	0	0.030321406913280776	0	0	0	0	0	0.020250723240115717	0.06292906178489704	0	0	0.05668934240362812	0	0	0	1
0.01	0	0	0	0	0	0.020942408376963352	0	0	0	0	0	0	0	0	0	0.009883720930232558	0	0	1
0.01	0	0	0	0	0	0	0.13975903614457832	0	0	0	0	0	0	0	0	0	0	0	1
0.01	0	0	0	0	0.030321406913280776	0	0	0	0	0	0	0	0	0	0	0.009883720930232558	0	0	1
0.01	0	0	0	0	0.030321406913280776	0	0	0	0.010152284263959392	0.02922077922077922	0.020250723240115717	0	0	0	0	0	0	0	1
0.01	0.009187778623464173	0	0	0	0	0	0	0	0	0	0.020250723240115717	0	0	0	0	0	0	0	1
0.01	0	0	0	0.04950495049504951	0	0	0	0	0.010152284263959392	0	0	0.06292906178489704	0	0	0	0	0	0	1
0.01	0	0	0	0.04950495049504951	0	0	0	0	0	0	0	0.06292906178489704	0	0	0	0	0	0	1
0.01	0.009187778623464173	0	0	0	0	0	0	0	0	0	0.020250723240115717	0	0	0	0	0.009883720930232558	0.008842443729903537	0	1
0.01	0	0.016685205784204675	0	0	0.030321406913280776	0	0	0	0	0.02922077922077922	0	0	0	0.01622874806800618	0.05668934240362812	0	0	0	1
0.01	0.009187778623464173	0.016685205784204675	0	0.04950495049504951	0	0	0	0	0.010152284263959392	0	0	0.06292906178489704	0.014365522745411013	0	0	0	0	0	1
0.01	0	0	0	0	0	0.020942408376963352	0	0	0	0	0	0.06292906178489704	0	0	0	0	0	0	1
0.01	0	0	0	0.04950495049504951	0	0	0	0	0	0	0	0.06292906178489704	0	0	0	0	0	0	1
0.01	0.009187778623464173	0.016685205784204675	0.020093770931011386	0.04950495049504951	0.030321406913280776	0.020942408376963352	0.13975903614457832	0.0510948905109489	0.010152284263959392	0	0.020250723240115717	0.06292906178489704	0.014365522745411013	0.01622874806800618	0.05668934240362812	0.009883720930232558	0	0.017008504252126067	1
0.01	0	0	0	0	0	0	0	0	0	0	0	0	0	0	0.05668934240362812	0	0	0	1
0.01	0	0	0	0	0	0	0.13975903614457832	0.0510948905109489	0	0	0.020250723240115717	0.06292906178489704	0.014365522745411013	0	0	0	0	0.017008504252126067	1
0.01	0	0	0	0	0	0	0	0	0	0.02922077922077922	0	0	0	0	0	0	0	0	1
0.01	0	0	0	0	0	0	0.13975903614457832	0	0	0	0	0	0	0	0	0	0	0	1
0.01	0.009187778623464173	0	0	0	0.030321406913280776	0.020942408376963352	0	0	0	0	0.020250723240115717	0	0	0.01622874806800618	0	0	0	0.017008504252126067	1
0.01	0	0	0	0	0	0	0	0	0.010152284263959392	0.02922077922077922	0	0	0	0	0	0	0.008842443729903537	0	1
0.01	0.009187778623464173	0	0	0	0	0	0	0	0	0	0.020250723240115717	0	0	0	0	0.009883720930232558	0	0.017008504252126067	1
0.01	0	0	0	0	0	0	0.13975903614457832	0	0	0	0.020250723240115717	0	0	0	0	0	0	0	1
0.01	0	0	0	0	0	0	0	0	0	0	0	0	0	0	0	0	0.008842443729903537	0	1
0.01	0	0	0	0	0	0	0	0.0510948905109489	0	0.02922077922077922	0	0	0	0	0	0	0.008842443729903537	0	1
0.01	0	0	0	0.04950495049504951	0	0	0	0	0	0	0	0	0	0	0	0.009883720930232558	0	0	1
0.01	0	0	0	0	0.030321406913280776	0	0	0	0	0	0	0	0	0	0	0	0	0	1
0.01	0	0	0	0	0	0	0	0	0	0	0	0.06292906178489704	0.014365522745411013	0	0	0	0.008842443729903537	0	1
0.01	0	0	0	0	0	0	0	0	0	0	0	0	0	0	0	0	0.008842443729903537	0	1
0.01	0	0	0	0.04950495049504951	0	0	0	0	0	0	0	0.06292906178489704	0.014365522745411013	0.01622874806800618	0	0	0	0	1
0.01	0	0	0	0	0	0	0	0.0510948905109489	0	0	0	0	0	0.01622874806800618	0	0	0	0	1
0.01	0.009187778623464173	0	0.020093770931011386	0	0	0	0.13975903614457832	0.0510948905109489	0	0	0	0	0.014365522745411013	0.01622874806800618	0	0	0	0	1
0.01	0	0	0	0	0	0	0	0	0	0	0	0	0.014365522745411013	0	0	0	0	0	1
0.01	0	0	0	0	0.030321406913280776	0	0	0	0	0	0	0.06292906178489704	0	0	0	0	0	0	1
0.01	0	0	0.020093770931011386	0	0	0	0	0	0	0	0	0	0.014365522745411013	0	0	0	0.008842443729903537	0	1
0.01	0	0	0	0	0	0	0	0	0	0	0	0	0	0	0	0	0	0	1
0.01	0	0	0	0	0.030321406913280776	0.020942408376963352	0	0	0	0	0	0.06292906178489704	0	0	0	0	0	0.017008504252126067	1
0.01	0	0	0.020093770931011386	0	0	0	0	0	0	0	0	0	0.014365522745411013	0	0	0	0	0	1
0.01	0	0	0	0	0	0	0	0	0	0	0	0	0	0	0	0	0	0	1
0.01	0	0	0	0	0	0	0	0	0	0.02922077922077922	0	0	0	0	0	0	0	0	1
0.01	0	0	0	0	0	0	0.13975903614457832	0.0510948905109489	0	0	0	0	0	0	0	0	0	0.017008504252126067	1
0.01	0	0	0	0	0	0	0	0	0	0.02922077922077922	0	0	0	0	0	0	0	0	1
0.01	0	0	0.020093770931011386	0	0	0	0	0	0.010152284263959392	0	0.020250723240115717	0.06292906178489704	0	0.01622874806800618	0	0	0	0	1
0.01	0	0	0	0	0	0	0	0	0	0	0	0.06292906178489704	0	0	0	0	0	0	1
0.01	0	0	0	0	0	0	0	0.0510948905109489	0.010152284263959392	0.02922077922077922	0	0	0	0.01622874806800618	0	0.009883720930232558	0	0	1
0.01	0	0	0.020093770931011386	0	0	0	0	0	0	0	0	0	0	0	0	0.009883720930232558	0	0	1
0.01	0	0	0	0	0	0	0	0	0	0	0.020250723240115717	0	0	0	0	0	0	0	1
0.01	0	0	0	0	0	0	0	0	0	0	0	0	0.014365522745411013	0	0.05668934240362812	0	0	0	1
0.01	0	0	0.020093770931011386	0	0	0	0	0	0	0	0	0	0.014365522745411013	0	0	0	0	0	1
0.01	0	0	0.020093770931011386	0	0	0	0	0.0510948905109489	0.010152284263959392	0.02922077922077922	0	0	0	0	0.05668934240362812	0	0	0	1
0.01	0.009187778623464173	0	0.020093770931011386	0	0	0	0	0.0510948905109489	0	0	0	0	0	0	0	0.009883720930232558	0.008842443729903537	0	1
0.01	0	0	0	0	0	0	0	0	0	0	0.020250723240115717	0	0	0	0	0	0	0	1
0.01	0	0	0	0	0	0	0	0	0	0	0	0	0	0	0	0	0.008842443729903537	0	1
0.01	0	0	0	0.04950495049504951	0	0	0	0	0.010152284263959392	0	0	0.06292906178489704	0	0	0	0	0	0	1
0.01	0	0	0	0	0	0.020942408376963352	0.13975903614457832	0.0510948905109489	0	0	0	0.06292906178489704	0.014365522745411013	0	0	0	0	0	1
0.01	0	0	0	0	0	0	0	0	0	0.02922077922077922	0	0	0	0	0	0.009883720930232558	0	0	1
0.01	0.009187778623464173	0	0	0	0	0	0.13975903614457832	0.0510948905109489	0	0	0	0	0	0	0.05668934240362812	0	0	0	1
0.01	0	0	0	0	0	0	0	0	0	0.02922077922077922	0	0	0	0.01622874806800618	0.05668934240362812	0	0	0	1
0.01	0	0	0.020093770931011386	0	0	0	0	0	0	0	0	0	0	0	0	0	0	0	1
0.01	0.009187778623464173	0.016685205784204675	0.020093770931011386	0.04950495049504951	0.030321406913280776	0	0.13975903614457832	0	0.010152284263959392	0.02922077922077922	0.020250723240115717	0.06292906178489704	0	0.01622874806800618	0	0.009883720930232558	0	0	1
0.01	0	0	0	0	0	0	0	0	0	0	0	0	0	0	0	0	0	0	1
0.01	0	0	0	0	0	0	0	0	0	0	0	0	0	0	0	0	0	0.017008504252126067	1
0.01	0	0.016685205784204675	0	0	0	0	0	0	0	0.02922077922077922	0	0	0	0.01622874806800618	0	0	0	0	1
0.01	0	0	0	0	0	0	0.13975903614457832	0	0	0	0	0	0	0	0	0	0	0	1
0.01	0	0	0	0.04950495049504951	0	0	0	0	0	0	0	0.06292906178489704	0	0	0	0	0	0	1
0.01	0	0	0	0	0	0	0.13975903614457832	0.0510948905109489	0	0	0.020250723240115717	0	0	0.01622874806800618	0	0	0	0	1
0.01	0	0	0	0	0	0	0.13975903614457832	0.0510948905109489	0	0	0	0.06292906178489704	0.014365522745411013	0	0	0	0	0	1
0.01	0	0	0	0.04950495049504951	0	0	0.13975903614457832	0	0	0	0	0	0	0	0	0	0	0	1
0.01	0	0	0	0	0	0	0	0	0.010152284263959392	0.02922077922077922	0	0.06292906178489704	0	0	0	0	0.008842443729903537	0	1
0.01	0	0	0.020093770931011386	0	0.030321406913280776	0	0	0	0	0.02922077922077922	0.020250723240115717	0	0.014365522745411013	0	0	0.009883720930232558	0.008842443729903537	0	1
0.01	0	0	0	0	0.030321406913280776	0	0.13975903614457832	0	0	0.02922077922077922	0	0	0.014365522745411013	0.01622874806800618	0	0	0	0	1
0.01	0	0	0.020093770931011386	0	0	0	0	0	0	0	0	0.06292906178489704	0	0.01622874806800618	0	0.009883720930232558	0	0	1
0.01	0	0	0	0.04950495049504951	0.030321406913280776	0	0	0	0	0.02922077922077922	0.020250723240115717	0	0	0	0	0	0	0.017008504252126067	1
0.01	0.009187778623464173	0	0	0	0	0.020942408376963352	0	0.0510948905109489	0	0	0	0.06292906178489704	0	0	0	0.009883720930232558	0	0.017008504252126067	1
0.01	0	0	0	0	0	0	0	0	0	0	0	0	0	0	0	0.009883720930232558	0	0	1
0.01	0	0	0.020093770931011386	0.04950495049504951	0.030321406913280776	0.020942408376963352	0.13975903614457832	0.0510948905109489	0.010152284263959392	0.02922077922077922	0	0	0	0.01622874806800618	0	0	0	0.017008504252126067	1
0.01	0	0	0	0	0	0	0	0	0	0	0	0	0	0	0	0	0	0	1
0.01	0	0	0	0	0	0	0	0	0.010152284263959392	0.02922077922077922	0	0	0	0.01622874806800618	0.05668934240362812	0	0	0	1
0.01	0.009187778623464173	0	0	0	0	0	0	0	0	0	0	0.06292906178489704	0.014365522745411013	0	0	0	0.008842443729903537	0	1
0.01	0	0	0	0	0	0	0	0.0510948905109489	0	0.02922077922077922	0	0	0	0	0	0	0	0.017008504252126067	1
0.01	0	0	0	0	0	0.020942408376963352	0	0	0	0	0	0	0	0	0	0	0	0	1
0.01	0	0	0	0	0	0	0	0	0	0	0	0.06292906178489704	0	0	0	0	0	0	1
0.01	0	0	0	0	0	0	0	0	0	0	0	0	0	0	0	0	0	0.017008504252126067	1
0.01	0.009187778623464173	0	0	0	0	0.020942408376963352	0	0	0	0	0	0	0	0	0	0.009883720930232558	0	0	1
0.01	0	0	0	0	0	0	0	0	0	0.02922077922077922	0	0	0	0	0	0	0	0	1
0.01	0	0	0	0	0.030321406913280776	0	0	0.0510948905109489	0	0	0	0	0	0	0	0	0	0	1
0.01	0	0	0	0.04950495049504951	0.030321406913280776	0	0	0	0	0	0	0	0	0	0	0	0	0	1
0.01	0	0	0	0	0	0	0	0	0	0	0	0	0	0	0	0	0	0.017008504252126067	1
0.01	0	0	0	0	0	0.020942408376963352	0.13975903614457832	0.0510948905109489	0	0	0	0.06292906178489704	0	0	0	0	0	0.017008504252126067	1
0.01	0	0	0	0	0	0.020942408376963352	0	0	0	0	0.020250723240115717	0	0	0	0	0	0	0	1
0.01	0.009187778623464173	0	0	0	0	0	0.13975903614457832	0	0	0	0	0.06292906178489704	0.014365522745411013	0.01622874806800618	0	0	0	0	1
0.01	0	0	0	0	0	0	0	0.0510948905109489	0	0	0	0	0.014365522745411013	0	0	0	0	0	1
0.01	0	0	0	0	0	0	0	0	0	0.02922077922077922	0	0	0	0.01622874806800618	0	0	0	0	1
0.01	0	0	0	0	0	0	0	0	0	0	0	0	0	0	0	0	0	0	1
0.01	0	0	0	0	0	0	0	0	0	0	0	0	0	0	0	0	0	0	1
0.01	0	0	0	0	0	0	0	0	0	0	0	0	0.014365522745411013	0.01622874806800618	0.05668934240362812	0	0	0	1
0.01	0	0	0	0	0	0	0	0	0	0	0.020250723240115717	0	0	0	0	0	0	0	1
0.01	0	0	0	0	0	0	0	0	0	0	0	0	0	0	0	0	0	0	1
0.01	0	0	0	0	0	0	0	0.0510948905109489	0	0	0	0	0.014365522745411013	0	0	0	0	0	1
0.01	0.009187778623464173	0.016685205784204675	0.020093770931011386	0.04950495049504951	0.030321406913280776	0.020942408376963352	0	0.0510948905109489	0.010152284263959392	0	0.020250723240115717	0	0	0.01622874806800618	0	0.009883720930232558	0.008842443729903537	0.017008504252126067	1
0.01	0	0	0	0	0	0	0	0	0	0	0	0.06292906178489704	0.014365522745411013	0	0	0	0.008842443729903537	0	1
0.01	0	0	0	0	0	0	0	0	0	0	0	0	0	0	0	0	0	0	1
0.01	0	0	0	0	0	0.020942408376963352	0	0	0	0	0	0	0	0.01622874806800618	0.05668934240362812	0	0.008842443729903537	0	1
0.01	0	0	0.020093770931011386	0	0	0	0	0	0	0	0	0	0	0	0	0	0	0	1
0.01	0	0	0.020093770931011386	0	0	0	0.13975903614457832	0	0	0	0	0.06292906178489704	0	0	0	0	0	0	1
0.01	0	0	0	0.04950495049504951	0	0	0	0.0510948905109489	0	0	0	0	0	0	0	0	0	0	1
0.01	0	0	0	0	0	0	0	0.0510948905109489	0	0	0	0	0	0.01622874806800618	0	0	0	0	1
0.01	0	0	0	0	0	0	0.13975903614457832	0	0	0.02922077922077922	0	0	0.014365522745411013	0	0	0	0	0	1
0.01	0.009187778623464173	0	0	0	0.030321406913280776	0	0	0	0	0.02922077922077922	0	0	0	0	0	0	0	0	1
0.01	0	0	0	0	0	0	0	0	0	0.02922077922077922	0	0	0	0	0	0	0	0	1
0.01	0	0	0	0	0	0	0	0	0	0	0	0.06292906178489704	0	0	0	0	0	0	1
0.01	0	0	0	0	0	0	0	0	0	0	0	0	0	0	0	0	0	0	1
0.01	0	0	0	0	0	0	0	0	0	0	0	0.06292906178489704	0	0	0	0	0	0	1
0.01	0	0	0	0	0	0	0	0	0	0.02922077922077922	0	0.06292906178489704	0	0	0	0	0.008842443729903537	0	1
0.01	0	0	0	0.04950495049504951	0	0	0	0	0	0	0	0	0	0.01622874806800618	0	0	0	0	1
0.01	0	0	0.020093770931011386	0	0	0	0	0	0.010152284263959392	0.02922077922077922	0	0	0	0	0.05668934240362812	0.009883720930232558	0	0	1
0.01	0	0	0	0	0	0	0.13975903614457832	0.0510948905109489	0	0	0	0	0	0	0	0	0	0	1
0.01	0	0	0	0	0.030321406913280776	0.020942408376963352	0	0	0	0	0.020250723240115717	0.06292906178489704	0	0	0	0.009883720930232558	0	0	1
0.01	0	0	0	0	0	0	0	0	0	0	0	0	0	0	0.05668934240362812	0	0	0	1
0.01	0	0	0	0	0	0	0	0	0	0.02922077922077922	0	0	0	0.01622874806800618	0	0	0.008842443729903537	0	1
0.01	0	0	0	0	0	0	0	0	0	0.02922077922077922	0	0	0	0	0	0.009883720930232558	0	0	1
0.01	0	0	0	0	0	0	0	0.0510948905109489	0	0	0	0	0	0	0	0.009883720930232558	0	0	1
0.01	0	0	0	0	0	0	0	0	0	0.02922077922077922	0	0	0	0	0	0	0	0	1
0.01	0	0	0	0	0	0	0.13975903614457832	0	0	0	0	0	0	0.01622874806800618	0	0	0	0	1
0.01	0	0	0.020093770931011386	0	0	0	0.13975903614457832	0.0510948905109489	0	0	0	0	0	0	0.05668934240362812	0	0	0	1
0.01	0	0	0	0	0	0	0.13975903614457832	0	0	0	0	0	0	0	0	0	0	0	1
0.01	0	0	0	0.04950495049504951	0	0	0.13975903614457832	0.0510948905109489	0.010152284263959392	0	0	0	0	0	0.05668934240362812	0	0	0	1
0.01	0	0	0	0	0	0	0	0	0	0	0.020250723240115717	0	0	0.01622874806800618	0	0	0.008842443729903537	0	1
0.01	0	0.016685205784204675	0.020093770931011386	0.04950495049504951	0	0	0	0.0510948905109489	0.010152284263959392	0.02922077922077922	0	0	0	0	0.05668934240362812	0	0.008842443729903537	0.017008504252126067	1
0.01	0	0	0.020093770931011386	0.04950495049504951	0.030321406913280776	0.020942408376963352	0.13975903614457832	0	0	0	0.020250723240115717	0	0.014365522745411013	0.01622874806800618	0	0	0	0	1
0.01	0.009187778623464173	0	0	0	0	0	0	0	0	0	0	0	0	0	0	0	0	0.017008504252126067	1
0.01	0	0	0	0	0	0	0	0	0	0	0	0	0	0	0	0	0	0	1
0.01	0	0	0	0	0	0	0.13975903614457832	0.0510948905109489	0	0	0	0	0	0	0.05668934240362812	0	0	0	1
0.01	0	0	0	0	0	0	0	0	0	0	0	0	0	0.01622874806800618	0	0	0	0.017008504252126067	1
0.01	0	0	0	0	0	0	0	0	0	0.02922077922077922	0	0	0.014365522745411013	0	0	0	0	0	1
0.01	0	0	0	0	0	0	0	0	0	0	0	0	0	0.01622874806800618	0	0	0	0	1
0.01	0	0	0	0	0	0	0	0	0	0	0	0	0	0	0	0	0.008842443729903537	0	1
0.01	0.009187778623464173	0	0	0.04950495049504951	0	0	0	0	0	0	0	0.06292906178489704	0.014365522745411013	0	0	0	0	0.017008504252126067	1
0.01	0	0	0	0	0	0	0	0	0	0	0	0	0	0	0	0	0	0	1
0.01	0	0	0	0	0	0.020942408376963352	0	0	0	0	0.020250723240115717	0	0	0	0	0	0	0	1
0.01	0	0	0	0	0	0	0	0	0	0	0.020250723240115717	0.06292906178489704	0	0	0	0.009883720930232558	0	0	1
0.01	0	0	0	0	0	0	0.13975903614457832	0.0510948905109489	0	0	0	0	0	0	0	0	0	0.017008504252126067	1
0.01	0	0	0	0	0	0	0	0	0	0.02922077922077922	0	0	0	0.01622874806800618	0	0	0	0	1
0.01	0	0	0.020093770931011386	0.04950495049504951	0.030321406913280776	0	0	0	0	0.02922077922077922	0.020250723240115717	0	0	0	0	0	0	0	1
0.01	0	0	0.020093770931011386	0	0	0	0	0	0	0	0.020250723240115717	0	0	0	0	0.009883720930232558	0	0	1
0.01	0	0	0	0	0	0	0.13975903614457832	0	0	0	0	0	0	0	0	0	0	0	1
0.01	0	0	0	0.04950495049504951	0	0	0	0	0	0	0.020250723240115717	0	0	0	0	0	0	0	1
0.01	0	0	0	0	0	0	0	0	0.010152284263959392	0.02922077922077922	0	0	0	0	0	0.009883720930232558	0.008842443729903537	0.017008504252126067	1
0.01	0.009187778623464173	0	0	0	0	0	0	0.0510948905109489	0	0	0	0	0	0	0	0	0	0.017008504252126067	1
0.01	0.009187778623464173	0	0	0	0	0	0.13975903614457832	0	0	0.02922077922077922	0	0	0	0	0	0	0	0.017008504252126067	1
0.01	0	0	0	0	0	0	0.13975903614457832	0	0	0	0	0	0	0	0	0	0	0	1
0.01	0	0	0	0	0	0	0	0.0510948905109489	0	0	0	0	0	0	0	0	0	0	1
0.01	0	0	0	0	0.030321406913280776	0	0	0	0.010152284263959392	0.02922077922077922	0.020250723240115717	0.06292906178489704	0.014365522745411013	0.01622874806800618	0	0	0	0	1
0.01	0	0	0	0.04950495049504951	0.030321406913280776	0	0	0	0	0	0	0	0.014365522745411013	0.01622874806800618	0	0	0	0	1
0.01	0	0	0	0	0	0	0	0	0	0	0	0.06292906178489704	0.014365522745411013	0	0	0	0.008842443729903537	0	1
0.01	0	0.016685205784204675	0	0	0	0	0	0	0	0	0	0.06292906178489704	0.014365522745411013	0	0	0	0	0.017008504252126067	1
0.01	0.009187778623464173	0	0	0	0	0	0	0	0.010152284263959392	0	0.020250723240115717	0.06292906178489704	0	0	0	0	0	0.017008504252126067	1
0.01	0	0	0.020093770931011386	0	0.030321406913280776	0.020942408376963352	0	0.0510948905109489	0.010152284263959392	0	0	0.06292906178489704	0	0	0	0	0.008842443729903537	0	1
0.01	0	0	0	0	0	0	0	0	0	0.02922077922077922	0	0	0	0	0	0	0	0	1
0.01	0	0	0	0	0	0	0	0	0	0	0.020250723240115717	0	0	0	0	0	0	0	1
0.01	0	0	0	0	0.030321406913280776	0	0	0	0	0	0	0	0	0	0	0	0.008842443729903537	0	1
0.01	0	0	0	0	0	0	0	0	0	0.02922077922077922	0.020250723240115717	0.06292906178489704	0	0	0	0	0.008842443729903537	0	1
0.01	0.009187778623464173	0	0	0	0	0	0	0	0	0	0.020250723240115717	0	0	0	0	0	0.008842443729903537	0	1
0.01	0	0	0	0	0	0	0	0	0	0	0	0.06292906178489704	0.014365522745411013	0	0	0	0.008842443729903537	0	1
0.01	0	0	0	0	0	0	0	0	0	0	0	0	0	0	0	0	0	0	1
0.01	0	0	0	0.04950495049504951	0	0	0	0	0	0	0.020250723240115717	0.06292906178489704	0	0	0	0	0	0	1
0.01	0	0	0	0.04950495049504951	0	0	0	0	0	0	0	0	0	0	0	0.009883720930232558	0	0	1
0.01	0	0	0	0	0	0	0	0	0.010152284263959392	0.02922077922077922	0	0	0	0	0	0	0.008842443729903537	0	1
0.01	0.009187778623464173	0.016685205784204675	0	0	0.030321406913280776	0	0	0	0	0	0.020250723240115717	0	0.014365522745411013	0	0	0	0	0	1
0.01	0	0	0	0	0	0	0	0	0	0	0	0	0	0	0	0	0	0	1
0.01	0	0	0	0.04950495049504951	0.030321406913280776	0.020942408376963352	0	0	0	0	0	0	0	0	0.05668934240362812	0.009883720930232558	0	0	1
0.01	0	0	0	0	0	0	0	0	0	0	0	0	0	0	0	0	0	0	1
0.01	0.009187778623464173	0	0	0	0	0	0	0	0	0	0	0	0.014365522745411013	0	0	0	0	0	1
0.01	0	0	0	0.04950495049504951	0	0	0	0	0	0	0.020250723240115717	0	0	0	0.05668934240362812	0	0	0	1
0.01	0	0	0	0	0	0	0	0	0	0	0	0	0	0	0	0	0	0	1
0.01	0.009187778623464173	0	0	0	0	0	0	0	0	0	0.020250723240115717	0.06292906178489704	0.014365522745411013	0	0	0	0.008842443729903537	0.017008504252126067	1
0.01	0.009187778623464173	0	0.020093770931011386	0	0	0	0	0.0510948905109489	0	0	0	0	0	0.01622874806800618	0	0.009883720930232558	0.008842443729903537	0	-1
0.01	0	0	0.020093770931011386	0	0	0.020942408376963352	0	0.0510948905109489	0	0.02922077922077922	0.020250723240115717	0.06292906178489704	0	0	0.05668934240362812	0	0	0.017008504252126067	-1
0.01	0	0	0.020093770931011386	0	0	0.020942408376963352	0.13975903614457832	0	0.010152284263959392	0	0.020250723240115717	0.06292906178489704	0	0.01622874806800618	0.05668934240362812	0.009883720930232558	0	0.017008504252126067	-1
0.01	0	0	0.020093770931011386	0.04950495049504951	0	0	0	0	0.010152284263959392	0.02922077922077922	0.020250723240115717	0	0	0	0	0.009883720930232558	0.008842443729903537	0	-1
0.01	0	0.016685205784204675	0.020093770931011386	0	0	0.020942408376963352	0.13975903614457832	0.0510948905109489	0.010152284263959392	0.02922077922077922	0.020250723240115717	0	0.014365522745411013	0.01622874806800618	0.05668934240362812	0.009883720930232558	0	0.017008504252126067	-1
0.01	0.009187778623464173	0	0	0	0.030321406913280776	0.020942408376963352	0.13975903614457832	0	0	0.02922077922077922	0	0	0.014365522745411013	0.01622874806800618	0.05668934240362812	0	0.008842443729903537	0	-1
0.01	0	0	0	0.04950495049504951	0.030321406913280776	0.020942408376963352	0	0.0510948905109489	0	0	0	0	0.014365522745411013	0.01622874806800618	0	0	0.008842443729903537	0.017008504252126067	-1
0.01	0	0	0.020093770931011386	0.04950495049504951	0.030321406913280776	0	0.13975903614457832	0.0510948905109489	0.010152284263959392	0.02922077922077922	0	0.06292906178489704	0	0.01622874806800618	0.05668934240362812	0.009883720930232558	0	0	-1
0.01	0	0	0	0.04950495049504951	0	0.020942408376963352	0.13975903614457832	0.0510948905109489	0.010152284263959392	0	0.020250723240115717	0.06292906178489704	0.014365522745411013	0.01622874806800618	0.05668934240362812	0.009883720930232558	0	0	-1
0.01	0.009187778623464173	0.016685205784204675	0.020093770931011386	0.04950495049504951	0.030321406913280776	0.020942408376963352	0.13975903614457832	0.0510948905109489	0.010152284263959392	0.02922077922077922	0.020250723240115717	0.06292906178489704	0.014365522745411013	0.01622874806800618	0.05668934240362812	0.009883720930232558	0.008842443729903537	0.017008504252126067	-1
0.01	0	0	0.020093770931011386	0	0	0.020942408376963352	0.13975903614457832	0	0.010152284263959392	0	0.020250723240115717	0.06292906178489704	0.014365522745411013	0.01622874806800618	0	0.009883720930232558	0	0	-1
0.01	0	0	0.020093770931011386	0	0	0	0	0	0	0	0.020250723240115717	0.06292906178489704	0	0	0	0.009883720930232558	0.008842443729903537	0	-1
0.01	0	0	0	0	0.030321406913280776	0.020942408376963352	0.13975903614457832	0.0510948905109489	0	0.02922077922077922	0	0.06292906178489704	0.014365522745411013	0.01622874806800618	0.05668934240362812	0.009883720930232558	0	0	-1
0.01	0	0	0	0	0	0	0.13975903614457832	0.0510948905109489	0.010152284263959392	0.02922077922077922	0.020250723240115717	0.06292906178489704	0.014365522745411013	0	0	0	0	0.017008504252126067	-1
0.01	0	0.016685205784204675	0.020093770931011386	0	0.030321406913280776	0	0.13975903614457832	0	0.010152284263959392	0.02922077922077922	0	0	0.014365522745411013	0.01622874806800618	0.05668934240362812	0.009883720930232558	0.008842443729903537	0.017008504252126067	-1
0.01	0	0.016685205784204675	0	0.04950495049504951	0	0	0	0.0510948905109489	0.010152284263959392	0	0.020250723240115717	0.06292906178489704	0.014365522745411013	0	0.05668934240362812	0.009883720930232558	0.008842443729903537	0.017008504252126067	-1
0.01	0	0.016685205784204675	0.020093770931011386	0	0	0	0	0.0510948905109489	0.010152284263959392	0.02922077922077922	0	0	0.014365522745411013	0	0	0.009883720930232558	0	0.017008504252126067	-1
0.01	0.009187778623464173	0.016685205784204675	0.020093770931011386	0	0	0.020942408376963352	0	0	0	0.02922077922077922	0.020250723240115717	0.06292906178489704	0.014365522745411013	0	0	0.009883720930232558	0.008842443729903537	0	-1
0.01	0	0	0	0.04950495049504951	0	0	0	0	0.010152284263959392	0	0.020250723240115717	0.06292906178489704	0.014365522745411013	0.01622874806800618	0	0.009883720930232558	0	0.017008504252126067	-1
0.01	0.009187778623464173	0.016685205784204675	0.020093770931011386	0.04950495049504951	0.030321406913280776	0.020942408376963352	0.13975903614457832	0.0510948905109489	0.010152284263959392	0.02922077922077922	0.020250723240115717	0.06292906178489704	0.014365522745411013	0.01622874806800618	0.05668934240362812	0.009883720930232558	0.008842443729903537	0.017008504252126067	-1
0.01	0	0	0.020093770931011386	0	0	0	0.13975903614457832	0.0510948905109489	0	0	0	0	0	0	0.05668934240362812	0.009883720930232558	0	0.017008504252126067	-1
0.01	0.009187778623464173	0.016685205784204675	0.020093770931011386	0.04950495049504951	0.030321406913280776	0	0.13975903614457832	0.0510948905109489	0	0.02922077922077922	0.020250723240115717	0	0.014365522745411013	0	0.05668934240362812	0.009883720930232558	0	0.017008504252126067	-1
0.01	0.009187778623464173	0.016685205784204675	0	0.04950495049504951	0	0.020942408376963352	0	0	0.010152284263959392	0.02922077922077922	0.020250723240115717	0	0.014365522745411013	0	0	0.009883720930232558	0	0.017008504252126067	-1
0.01	0	0	0.020093770931011386	0	0.030321406913280776	0.020942408376963352	0	0.0510948905109489	0	0	0	0.06292906178489704	0.014365522745411013	0.01622874806800618	0	0.009883720930232558	0.008842443729903537	0.017008504252126067	-1
0.01	0	0.016685205784204675	0	0	0	0.020942408376963352	0	0	0	0	0	0.06292906178489704	0.014365522745411013	0	0.05668934240362812	0.009883720930232558	0	0	-1
0.01	0.009187778623464173	0	0.020093770931011386	0	0	0	0.13975903614457832	0.0510948905109489	0.010152284263959392	0	0.020250723240115717	0	0.014365522745411013	0	0	0.009883720930232558	0	0	-1
0.01	0.009187778623464173	0	0.020093770931011386	0	0.030321406913280776	0	0.13975903614457832	0.0510948905109489	0	0	0	0	0.014365522745411013	0	0.05668934240362812	0.009883720930232558	0.008842443729903537	0.017008504252126067	-1
0.01	0	0	0	0.04950495049504951	0.030321406913280776	0.020942408376963352	0.13975903614457832	0	0	0	0	0.06292906178489704	0.014365522745411013	0.01622874806800618	0.05668934240362812	0.009883720930232558	0	0	-1
0.01	0.009187778623464173	0.016685205784204675	0	0.04950495049504951	0.030321406913280776	0	0.13975903614457832	0.0510948905109489	0.010152284263959392	0.02922077922077922	0.020250723240115717	0.06292906178489704	0.014365522745411013	0	0.05668934240362812	0.009883720930232558	0	0	-1
0.01	0.009187778623464173	0.016685205784204675	0.020093770931011386	0.04950495049504951	0.030321406913280776	0	0.13975903614457832	0	0.010152284263959392	0.02922077922077922	0.020250723240115717	0	0	0.01622874806800618	0.05668934240362812	0	0.008842443729903537	0	-1
0.01	0	0	0.020093770931011386	0.04950495049504951	0.030321406913280776	0.020942408376963352	0.13975903614457832	0.0510948905109489	0.010152284263959392	0.02922077922077922	0.020250723240115717	0.06292906178489704	0	0	0.05668934240362812	0.009883720930232558	0.008842443729903537	0.017008504252126067	-1
0.01	0	0	0	0	0	0	0	0	0	0.02922077922077922	0.020250723240115717	0.06292906178489704	0	0	0.05668934240362812	0	0	0	-1
0.01	0.009187778623464173	0	0.020093770931011386	0.04950495049504951	0.030321406913280776	0.020942408376963352	0	0.0510948905109489	0	0.02922077922077922	0	0	0.014365522745411013	0.01622874806800618	0.05668934240362812	0.009883720930232558	0.008842443729903537	0	-1
0.01	0	0.016685205784204675	0	0.04950495049504951	0.030321406913280776	0.020942408376963352	0	0	0	0.02922077922077922	0.020250723240115717	0.06292906178489704	0	0.01622874806800618	0	0.009883720930232558	0.008842443729903537	0	-1
0.01	0.009187778623464173	0.016685205784204675	0	0.04950495049504951	0.030321406913280776	0	0.13975903614457832	0.0510948905109489	0.010152284263959392	0.02922077922077922	0	0.06292906178489704	0.014365522745411013	0.01622874806800618	0.05668934240362812	0.009883720930232558	0.008842443729903537	0.017008504252126067	-1
0.01	0	0	0	0	0.030321406913280776	0	0.13975903614457832	0	0	0	0	0	0.014365522745411013	0.01622874806800618	0	0	0	0.017008504252126067	-1
0.01	0	0.016685205784204675	0	0.04950495049504951	0.030321406913280776	0	0.13975903614457832	0.0510948905109489	0	0.02922077922077922	0.020250723240115717	0.06292906178489704	0	0	0	0.009883720930232558	0	0.017008504252126067	-1
0.01	0.009187778623464173	0.016685205784204675	0	0	0	0.020942408376963352	0	0.0510948905109489	0.010152284263959392	0	0.020250723240115717	0.06292906178489704	0.014365522745411013	0	0	0.009883720930232558	0	0.017008504252126067	-1
0.01	0.009187778623464173	0	0	0	0	0	0.13975903614457832	0.0510948905109489	0	0.02922077922077922	0	0	0.014365522745411013	0	0.05668934240362812	0.009883720930232558	0.008842443729903537	0.017008504252126067	-1
0.01	0	0	0.020093770931011386	0	0.030321406913280776	0.020942408376963352	0.13975903614457832	0.0510948905109489	0	0	0	0	0	0	0.05668934240362812	0.009883720930232558	0	0.017008504252126067	-1
0.01	0	0	0	0	0.030321406913280776	0.020942408376963352	0.13975903614457832	0	0.010152284263959392	0	0	0	0.014365522745411013	0.01622874806800618	0	0	0.008842443729903537	0	-1
0.01	0	0.016685205784204675	0.020093770931011386	0.04950495049504951	0	0	0	0.0510948905109489	0.010152284263959392	0	0	0	0	0.01622874806800618	0.05668934240362812	0	0.008842443729903537	0	-1
0.01	0	0	0	0.04950495049504951	0.030321406913280776	0.020942408376963352	0.13975903614457832	0	0	0.02922077922077922	0	0	0.014365522745411013	0	0.05668934240362812	0.009883720930232558	0	0.017008504252126067	-1
0.01	0	0	0.020093770931011386	0.04950495049504951	0	0	0	0.0510948905109489	0.010152284263959392	0	0.020250723240115717	0.06292906178489704	0	0.01622874806800618	0	0	0	0.017008504252126067	-1
0.01	0	0	0	0	0.030321406913280776	0.020942408376963352	0.13975903614457832	0.0510948905109489	0.010152284263959392	0.02922077922077922	0.020250723240115717	0.06292906178489704	0	0.01622874806800618	0	0.009883720930232558	0	0.017008504252126067	-1
0.01	0.009187778623464173	0	0	0.04950495049504951	0.030321406913280776	0.020942408376963352	0.13975903614457832	0.0510948905109489	0	0.02922077922077922	0.020250723240115717	0.06292906178489704	0	0.01622874806800618	0.05668934240362812	0.009883720930232558	0	0.017008504252126067	-1
0.01	0	0	0	0.04950495049504951	0.030321406913280776	0.020942408376963352	0	0	0.010152284263959392	0.02922077922077922	0.020250723240115717	0	0	0	0.05668934240362812	0	0.008842443729903537	0	-1
0.01	0	0.016685205784204675	0.020093770931011386	0.04950495049504951	0.030321406913280776	0.020942408376963352	0	0	0	0	0.020250723240115717	0.06292906178489704	0.014365522745411013	0.01622874806800618	0	0.009883720930232558	0.008842443729903537	0.017008504252126067	-1
0.01	0.009187778623464173	0.016685205784204675	0.020093770931011386	0.04950495049504951	0.030321406913280776	0.020942408376963352	0	0	0.010152284263959392	0.02922077922077922	0.020250723240115717	0	0	0	0	0.009883720930232558	0	0.017008504252126067	-1
0.01	0.009187778623464173	0.016685205784204675	0.020093770931011386	0.04950495049504951	0.030321406913280776	0.020942408376963352	0.13975903614457832	0.0510948905109489	0.010152284263959392	0.02922077922077922	0.020250723240115717	0.06292906178489704	0.014365522745411013	0.01622874806800618	0.05668934240362812	0.009883720930232558	0.008842443729903537	0.017008504252126067	-1
0.01	0.009187778623464173	0.016685205784204675	0.020093770931011386	0.04950495049504951	0.030321406913280776	0.020942408376963352	0.13975903614457832	0.0510948905109489	0.010152284263959392	0.02922077922077922	0.020250723240115717	0.06292906178489704	0.014365522745411013	0.01622874806800618	0.05668934240362812	0.009883720930232558	0.008842443729903537	0.017008504252126067	-1
0.01	0	0.016685205784204675	0.020093770931011386	0.04950495049504951	0.030321406913280776	0.020942408376963352	0.13975903614457832	0.0510948905109489	0	0	0.020250723240115717	0.06292906178489704	0.014365522745411013	0	0	0	0.008842443729903537	0	-1
0.01	0	0	0	0	0	0	0.13975903614457832	0.0510948905109489	0	0.02922077922077922	0.020250723240115717	0	0.014365522745411013	0	0	0	0	0.017008504252126067	-1
0.01	0.009187778623464173	0.016685205784204675	0.020093770931011386	0.04950495049504951	0.030321406913280776	0.020942408376963352	0	0	0	0	0.020250723240115717	0	0.014365522745411013	0	0.05668934240362812	0	0	0	-1
0.01	0.009187778623464173	0.016685205784204675	0.020093770931011386	0.04950495049504951	0.030321406913280776	0	0.13975903614457832	0	0.010152284263959392	0.02922077922077922	0	0.06292906178489704	0.014365522745411013	0.01622874806800618	0.05668934240362812	0.009883720930232558	0.008842443729903537	0.017008504252126067	-1
0.01	0	0	0	0	0	0	0.13975903614457832	0	0	0	0.020250723240115717	0	0	0.01622874806800618	0	0	0	0	-1
0.01	0.009187778623464173	0	0	0	0	0.020942408376963352	0.13975903614457832	0	0	0.02922077922077922	0.020250723240115717	0.06292906178489704	0	0	0.05668934240362812	0	0	0.017008504252126067	-1
0.01	0	0.016685205784204675	0	0.04950495049504951	0.030321406913280776	0.020942408376963352	0.13975903614457832	0.0510948905109489	0.010152284263959392	0	0	0.06292906178489704	0	0.01622874806800618	0.05668934240362812	0.009883720930232558	0	0.017008504252126067	-1
0.01	0	0.016685205784204675	0.020093770931011386	0	0.030321406913280776	0	0.13975903614457832	0.0510948905109489	0	0	0	0	0.014365522745411013	0.01622874806800618	0.05668934240362812	0.009883720930232558	0	0.017008504252126067	-1
0.01	0	0	0	0.04950495049504951	0	0	0	0.0510948905109489	0	0	0.020250723240115717	0	0	0	0	0.009883720930232558	0	0.017008504252126067	-1
0.01	0	0	0.020093770931011386	0.04950495049504951	0	0	0.13975903614457832	0	0.010152284263959392	0.02922077922077922	0	0.06292906178489704	0.014365522745411013	0.01622874806800618	0	0.009883720930232558	0.008842443729903537	0	-1
0.01	0	0	0	0	0.030321406913280776	0	0	0	0	0.02922077922077922	0.020250723240115717	0	0	0.01622874806800618	0	0	0	0.017008504252126067	-1
0.01	0	0	0	0	0	0.020942408376963352	0.13975903614457832	0.0510948905109489	0.010152284263959392	0	0.020250723240115717	0	0.014365522745411013	0	0	0.009883720930232558	0.008842443729903537	0	-1
0.01	0.009187778623464173	0.016685205784204675	0	0.04950495049504951	0.030321406913280776	0.020942408376963352	0	0.0510948905109489	0	0.02922077922077922	0	0	0.014365522745411013	0	0	0	0	0.017008504252126067	-1
0.01	0.009187778623464173	0.016685205784204675	0.020093770931011386	0.04950495049504951	0	0.020942408376963352	0.13975903614457832	0.0510948905109489	0	0	0	0.06292906178489704	0	0.01622874806800618	0.05668934240362812	0.009883720930232558	0	0.017008504252126067	-1
0.01	0.009187778623464173	0	0.020093770931011386	0	0	0.020942408376963352	0.13975903614457832	0	0	0.02922077922077922	0.020250723240115717	0	0	0.01622874806800618	0	0.009883720930232558	0	0	-1
0.01	0.009187778623464173	0.016685205784204675	0	0.04950495049504951	0.030321406913280776	0	0.13975903614457832	0	0.010152284263959392	0	0	0	0.014365522745411013	0.01622874806800618	0.05668934240362812	0	0.008842443729903537	0.017008504252126067	-1
0.01	0	0	0	0	0.030321406913280776	0.020942408376963352	0	0.0510948905109489	0.010152284263959392	0.02922077922077922	0.020250723240115717	0.06292906178489704	0	0	0	0	0	0	-1
0.01	0	0.016685205784204675	0.020093770931011386	0.04950495049504951	0	0	0.13975903614457832	0	0.010152284263959392	0.02922077922077922	0.020250723240115717	0.06292906178489704	0.014365522745411013	0.01622874806800618	0.05668934240362812	0.009883720930232558	0.008842443729903537	0	-1
0.01	0	0	0.020093770931011386	0.04950495049504951	0.030321406913280776	0	0.13975903614457832	0	0.010152284263959392	0.02922077922077922	0	0	0.014365522745411013	0.01622874806800618	0	0.009883720930232558	0.008842443729903537	0.017008504252126067	-1
0.01	0	0	0.020093770931011386	0	0.030321406913280776	0	0.13975903614457832	0	0	0.02922077922077922	0	0	0.014365522745411013	0.01622874806800618	0.05668934240362812	0.009883720930232558	0.008842443729903537	0.017008504252126067	-1
0.01	0	0.016685205784204675	0	0	0	0.020942408376963352	0	0	0	0.02922077922077922	0	0.06292906178489704	0.014365522745411013	0.01622874806800618	0.05668934240362812	0.009883720930232558	0.008842443729903537	0	-1
0.01	0.009187778623464173	0.016685205784204675	0	0	0	0.020942408376963352	0.13975903614457832	0.0510948905109489	0	0	0	0	0.014365522745411013	0.01622874806800618	0.05668934240362812	0	0	0.017008504252126067	-1
0.01	0	0	0.020093770931011386	0.04950495049504951	0.030321406913280776	0	0.13975903614457832	0	0	0.02922077922077922	0.020250723240115717	0.06292906178489704	0	0	0	0	0.008842443729903537	0	-1
0.01	0.009187778623464173	0	0.020093770931011386	0.04950495049504951	0.030321406913280776	0.020942408376963352	0.13975903614457832	0.0510948905109489	0.010152284263959392	0	0.020250723240115717	0.06292906178489704	0	0.01622874806800618	0.05668934240362812	0.009883720930232558	0	0.017008504252126067	-1
0.01	0	0.016685205784204675	0.020093770931011386	0.04950495049504951	0	0	0	0	0	0.02922077922077922	0.020250723240115717	0.06292906178489704	0.014365522745411013	0	0.05668934240362812	0	0	0.017008504252126067	-1
0.01	0	0	0.020093770931011386	0	0.030321406913280776	0.020942408376963352	0.13975903614457832	0.0510948905109489	0	0	0	0.06292906178489704	0.014365522745411013	0.01622874806800618	0	0.009883720930232558	0.008842443729903537	0	-1
0.01	0	0	0.020093770931011386	0	0	0.020942408376963352	0	0.0510948905109489	0	0	0.020250723240115717	0.06292906178489704	0	0.01622874806800618	0.05668934240362812	0	0	0	-1
0.01	0.009187778623464173	0.016685205784204675	0.020093770931011386	0	0.030321406913280776	0	0	0.0510948905109489	0.010152284263959392	0	0.020250723240115717	0.06292906178489704	0	0.01622874806800618	0.05668934240362812	0.009883720930232558	0.008842443729903537	0.017008504252126067	-1
0.01	0.009187778623464173	0	0.020093770931011386	0.04950495049504951	0.030321406913280776	0.020942408376963352	0	0.0510948905109489	0	0	0	0	0	0	0	0	0	0	-1
0.01	0.009187778623464173	0	0.020093770931011386	0	0.030321406913280776	0	0.13975903614457832	0.0510948905109489	0.010152284263959392	0	0.020250723240115717	0.06292906178489704	0.014365522745411013	0	0	0	0	0	-1
0.01	0	0	0.020093770931011386	0	0.030321406913280776	0.020942408376963352	0	0.0510948905109489	0	0.02922077922077922	0.020250723240115717	0.06292906178489704	0	0.01622874806800618	0.05668934240362812	0	0.008842443729903537	0.017008504252126067	-1
0.01	0.009187778623464173	0.016685205784204675	0.020093770931011386	0.04950495049504951	0.030321406913280776	0	0.13975903614457832	0.0510948905109489	0.010152284263959392	0.02922077922077922	0	0.06292906178489704	0	0.01622874806800618	0	0.009883720930232558	0	0	-1
0.01	0.009187778623464173	0.016685205784204675	0	0	0	0	0	0	0	0.02922077922077922	0	0.06292906178489704	0.014365522745411013	0.01622874806800618	0.05668934240362812	0	0	0	-1
0.01	0.009187778623464173	0	0	0	0	0.020942408376963352	0.13975903614457832	0	0	0.02922077922077922	0.020250723240115717	0	0	0	0.05668934240362812	0.009883720930232558	0.008842443729903537	0	-1
0.01	0.009187778623464173	0	0.020093770931011386	0.04950495049504951	0.030321406913280776	0	0.13975903614457832	0.0510948905109489	0.010152284263959392	0.02922077922077922	0.020250723240115717	0.06292906178489704	0	0.01622874806800618	0	0.009883720930232558	0	0.017008504252126067	-1
0.01	0.009187778623464173	0	0.020093770931011386	0.04950495049504951	0.030321406913280776	0	0.13975903614457832	0	0	0.02922077922077922	0.020250723240115717	0	0	0.01622874806800618	0.05668934240362812	0.009883720930232558	0	0	-1
0.01	0.009187778623464173	0.016685205784204675	0	0	0	0.020942408376963352	0	0.0510948905109489	0.010152284263959392	0	0.020250723240115717	0.06292906178489704	0.014365522745411013	0	0	0.009883720930232558	0	0.017008504252126067	-1
0.01	0.009187778623464173	0	0.020093770931011386	0.04950495049504951	0.030321406913280776	0.020942408376963352	0.13975903614457832	0	0	0.02922077922077922	0.020250723240115717	0	0.014365522745411013	0	0.05668934240362812	0.009883720930232558	0	0.017008504252126067	-1
0.01	0.009187778623464173	0	0	0.04950495049504951	0.030321406913280776	0.020942408376963352	0	0.0510948905109489	0	0.02922077922077922	0.020250723240115717	0.06292906178489704	0	0.01622874806800618	0.05668934240362812	0	0	0.017008504252126067	-1
0.01	0.009187778623464173	0	0	0.04950495049504951	0	0	0	0	0	0.02922077922077922	0	0.06292906178489704	0.014365522745411013	0	0	0.009883720930232558	0	0	-1
0.01	0	0.016685205784204675	0	0	0.030321406913280776	0	0.13975903614457832	0	0.010152284263959392	0	0.020250723240115717	0.06292906178489704	0	0.01622874806800618	0.05668934240362812	0	0	0.017008504252126067	-1
0.01	0	0.016685205784204675	0	0	0	0.020942408376963352	0	0.0510948905109489	0.010152284263959392	0.02922077922077922	0	0.06292906178489704	0	0.01622874806800618	0.05668934240362812	0.009883720930232558	0.008842443729903537	0	-1
0.01	0	0.016685205784204675	0.020093770931011386	0	0	0.020942408376963352	0.13975903614457832	0.0510948905109489	0.010152284263959392	0.02922077922077922	0.020250723240115717	0	0.014365522745411013	0.01622874806800618	0.05668934240362812	0.009883720930232558	0	0.017008504252126067	-1
0.01	0	0.016685205784204675	0.020093770931011386	0	0	0.020942408376963352	0	0.0510948905109489	0.010152284263959392	0.02922077922077922	0	0	0	0.01622874806800618	0.05668934240362812	0	0.008842443729903537	0.017008504252126067	-1
0.01	0.009187778623464173	0.016685205784204675	0.020093770931011386	0	0	0.020942408376963352	0.13975903614457832	0.0510948905109489	0.010152284263959392	0.02922077922077922	0.020250723240115717	0	0	0.01622874806800618	0	0	0.008842443729903537	0	-1
0.01	0.009187778623464173	0	0	0.04950495049504951	0	0.020942408376963352	0	0	0	0.02922077922077922	0.020250723240115717	0.06292906178489704	0.014365522745411013	0.01622874806800618	0	0	0.008842443729903537	0.017008504252126067	-1
0.01	0.009187778623464173	0.016685205784204675	0.020093770931011386	0	0	0.020942408376963352	0.13975903614457832	0	0.010152284263959392	0.02922077922077922	0.020250723240115717	0.06292906178489704	0.014365522745411013	0.01622874806800618	0.05668934240362812	0	0	0	-1
0.01	0	0	0.020093770931011386	0	0.030321406913280776	0.020942408376963352	0	0.0510948905109489	0	0.02922077922077922	0.020250723240115717	0.06292906178489704	0	0.01622874806800618	0.05668934240362812	0	0.008842443729903537	0.017008504252126067	-1
0.01	0.009187778623464173	0	0	0	0	0	0.13975903614457832	0.0510948905109489	0	0.02922077922077922	0.020250723240115717	0	0	0.01622874806800618	0	0.009883720930232558	0	0	-1
0.01	0	0	0	0.04950495049504951	0.030321406913280776	0	0	0.0510948905109489	0.010152284263959392	0.02922077922077922	0.020250723240115717	0	0.014365522745411013	0.01622874806800618	0.05668934240362812	0.009883720930232558	0	0	-1
0.01	0	0	0	0	0	0	0	0.0510948905109489	0	0.02922077922077922	0.020250723240115717	0.06292906178489704	0.014365522745411013	0.01622874806800618	0.05668934240362812	0.009883720930232558	0	0.017008504252126067	-1
0.01	0.009187778623464173	0	0.020093770931011386	0	0	0.020942408376963352	0	0.0510948905109489	0.010152284263959392	0	0	0.06292906178489704	0.014365522745411013	0	0.05668934240362812	0	0	0	-1
0.01	0.009187778623464173	0	0.020093770931011386	0.04950495049504951	0.030321406913280776	0.020942408376963352	0	0.0510948905109489	0	0	0.020250723240115717	0.06292906178489704	0.014365522745411013	0.01622874806800618	0.05668934240362812	0	0.008842443729903537	0.017008504252126067	-1
0.01	0.009187778623464173	0	0.020093770931011386	0	0.030321406913280776	0	0.13975903614457832	0	0	0	0	0	0	0.01622874806800618	0.05668934240362812	0.009883720930232558	0.008842443729903537	0.017008504252126067	-1
0.01	0	0	0	0	0	0	0	0.0510948905109489	0	0.02922077922077922	0.020250723240115717	0.06292906178489704	0.014365522745411013	0.01622874806800618	0.05668934240362812	0.009883720930232558	0	0.017008504252126067	-1
0.01	0	0.016685205784204675	0	0	0	0.020942408376963352	0	0	0	0.02922077922077922	0	0.06292906178489704	0.014365522745411013	0.01622874806800618	0.05668934240362812	0.009883720930232558	0.008842443729903537	0	-1
0.01	0.009187778623464173	0.016685205784204675	0	0	0.030321406913280776	0	0.13975903614457832	0.0510948905109489	0	0.02922077922077922	0	0.06292906178489704	0.014365522745411013	0.01622874806800618	0.05668934240362812	0.009883720930232558	0	0.017008504252126067	-1
0.01	0.009187778623464173	0	0.020093770931011386	0.04950495049504951	0.030321406913280776	0.020942408376963352	0	0	0.010152284263959392	0.02922077922077922	0.020250723240115717	0	0.014365522745411013	0.01622874806800618	0	0.009883720930232558	0	0.017008504252126067	-1
0.01	0.009187778623464173	0	0	0.04950495049504951	0	0	0	0.0510948905109489	0	0	0	0	0.014365522745411013	0	0	0.009883720930232558	0.008842443729903537	0	-1
0.01	0.009187778623464173	0	0.020093770931011386	0.04950495049504951	0	0.020942408376963352	0.13975903614457832	0	0.010152284263959392	0	0.020250723240115717	0	0.014365522745411013	0	0.05668934240362812	0.009883720930232558	0.008842443729903537	0.017008504252126067	-1
0.01	0	0.016685205784204675	0.020093770931011386	0.04950495049504951	0.030321406913280776	0.020942408376963352	0.13975903614457832	0.0510948905109489	0	0	0.020250723240115717	0.06292906178489704	0.014365522745411013	0	0.05668934240362812	0.009883720930232558	0.008842443729903537	0	-1
0.01	0	0	0.020093770931011386	0.04950495049504951	0	0.020942408376963352	0	0.0510948905109489	0	0	0	0	0.014365522745411013	0.01622874806800618	0	0	0	0	-1
0.01	0	0	0	0.04950495049504951	0.030321406913280776	0	0.13975903614457832	0.0510948905109489	0	0	0.020250723240115717	0	0.014365522745411013	0.01622874806800618	0	0	0	0.017008504252126067	-1
0.01	0	0	0	0	0	0	0.13975903614457832	0	0	0.02922077922077922	0	0.06292906178489704	0.014365522745411013	0.01622874806800618	0	0.009883720930232558	0.008842443729903537	0.017008504252126067	-1
0.01	0	0.016685205784204675	0	0.04950495049504951	0.030321406913280776	0.020942408376963352	0.13975903614457832	0	0	0.02922077922077922	0	0	0.014365522745411013	0.01622874806800618	0.05668934240362812	0.009883720930232558	0	0.017008504252126067	-1
0.01	0	0.016685205784204675	0.020093770931011386	0	0.030321406913280776	0.020942408376963352	0.13975903614457832	0	0.010152284263959392	0	0.020250723240115717	0.06292906178489704	0.014365522745411013	0.01622874806800618	0.05668934240362812	0	0.008842443729903537	0.017008504252126067	-1
0.01	0.009187778623464173	0	0	0.04950495049504951	0.030321406913280776	0.020942408376963352	0.13975903614457832	0.0510948905109489	0	0	0.020250723240115717	0	0.014365522745411013	0	0.05668934240362812	0.009883720930232558	0	0.017008504252126067	-1
0.01	0.009187778623464173	0.016685205784204675	0	0.04950495049504951	0.030321406913280776	0.020942408376963352	0.13975903614457832	0.0510948905109489	0	0.02922077922077922	0.020250723240115717	0	0.014365522745411013	0	0	0.009883720930232558	0	0.017008504252126067	-1
0.01	0.009187778623464173	0	0.020093770931011386	0.04950495049504951	0	0.020942408376963352	0	0.0510948905109489	0.010152284263959392	0	0.020250723240115717	0	0	0.01622874806800618	0.05668934240362812	0	0	0	-1
0.01	0	0.016685205784204675	0.020093770931011386	0	0	0	0	0.0510948905109489	0.010152284263959392	0	0.020250723240115717	0.06292906178489704	0.014365522745411013	0.01622874806800618	0	0.009883720930232558	0.008842443729903537	0.017008504252126067	-1
0.01	0.009187778623464173	0	0.020093770931011386	0	0.030321406913280776	0.020942408376963352	0	0.0510948905109489	0	0	0.020250723240115717	0.06292906178489704	0.014365522745411013	0	0.05668934240362812	0.009883720930232558	0.008842443729903537	0.017008504252126067	-1
0.01	0	0	0.020093770931011386	0	0.030321406913280776	0.020942408376963352	0.13975903614457832	0.0510948905109489	0	0	0.020250723240115717	0.06292906178489704	0.014365522745411013	0.01622874806800618	0	0	0.008842443729903537	0	-1
0.01	0.009187778623464173	0	0	0	0.030321406913280776	0	0	0.0510948905109489	0	0.02922077922077922	0.020250723240115717	0.06292906178489704	0.014365522745411013	0	0	0	0.008842443729903537	0.017008504252126067	-1
0.01	0	0.016685205784204675	0.020093770931011386	0	0	0	0	0	0.010152284263959392	0	0.020250723240115717	0	0.014365522745411013	0.01622874806800618	0	0.009883720930232558	0	0	-1
0.01	0	0	0	0	0	0	0.13975903614457832	0.0510948905109489	0	0.02922077922077922	0.020250723240115717	0	0.014365522745411013	0	0	0	0	0.017008504252126067	-1
0.01	0.009187778623464173	0	0.020093770931011386	0	0	0	0.13975903614457832	0	0	0.02922077922077922	0.020250723240115717	0.06292906178489704	0	0.01622874806800618	0	0	0	0	-1
0.01	0	0.016685205784204675	0.020093770931011386	0.04950495049504951	0.030321406913280776	0.020942408376963352	0.13975903614457832	0.0510948905109489	0.010152284263959392	0.02922077922077922	0.020250723240115717	0.06292906178489704	0.014365522745411013	0.01622874806800618	0	0.009883720930232558	0	0	-1
0.01	0	0	0	0.04950495049504951	0.030321406913280776	0.020942408376963352	0.13975903614457832	0	0	0	0	0	0	0.01622874806800618	0.05668934240362812	0	0.008842443729903537	0.017008504252126067	-1
0.01	0.009187778623464173	0	0.020093770931011386	0	0	0	0.13975903614457832	0.0510948905109489	0.010152284263959392	0	0	0	0.014365522745411013	0.01622874806800618	0.05668934240362812	0	0	0.017008504252126067	-1
0.01	0	0.016685205784204675	0.020093770931011386	0.04950495049504951	0	0	0.13975903614457832	0	0.010152284263959392	0.02922077922077922	0.020250723240115717	0.06292906178489704	0.014365522745411013	0.01622874806800618	0.05668934240362812	0.009883720930232558	0.008842443729903537	0	-1
0.01	0	0.016685205784204675	0	0.04950495049504951	0.030321406913280776	0	0.13975903614457832	0.0510948905109489	0.010152284263959392	0	0.020250723240115717	0.06292906178489704	0.014365522745411013	0.01622874806800618	0.05668934240362812	0.009883720930232558	0	0.017008504252126067	-1
0.01	0	0.016685205784204675	0.020093770931011386	0	0.030321406913280776	0.020942408376963352	0.13975903614457832	0	0	0.02922077922077922	0.020250723240115717	0.06292906178489704	0	0	0.05668934240362812	0.009883720930232558	0	0	-1
0.01	0.009187778623464173	0	0.020093770931011386	0	0.030321406913280776	0.020942408376963352	0	0.0510948905109489	0.010152284263959392	0	0	0.06292906178489704	0.014365522745411013	0.01622874806800618	0.05668934240362812	0.009883720930232558	0.008842443729903537	0	-1
0.01	0	0.016685205784204675	0	0	0.030321406913280776	0	0.13975903614457832	0	0.010152284263959392	0	0.020250723240115717	0.06292906178489704	0.014365522745411013	0.01622874806800618	0	0.009883720930232558	0	0	-1
0.01	0.009187778623464173	0	0.020093770931011386	0.04950495049504951	0	0.020942408376963352	0.13975903614457832	0.0510948905109489	0.010152284263959392	0.02922077922077922	0.020250723240115717	0.06292906178489704	0.014365522745411013	0.01622874806800618	0	0	0.008842443729903537	0.017008504252126067	-1
0.01	0.009187778623464173	0	0.020093770931011386	0.04950495049504951	0.030321406913280776	0	0	0.0510948905109489	0.010152284263959392	0.02922077922077922	0	0	0	0	0.05668934240362812	0.009883720930232558	0	0	-1
0.01	0.009187778623464173	0	0	0.04950495049504951	0.030321406913280776	0.020942408376963352	0	0	0.010152284263959392	0.02922077922077922	0.020250723240115717	0.06292906178489704	0.014365522745411013	0.01622874806800618	0	0.009883720930232558	0.008842443729903537	0	-1
0.01	0.009187778623464173	0	0.020093770931011386	0.04950495049504951	0	0	0	0	0.010152284263959392	0	0	0	0.014365522745411013	0.01622874806800618	0.05668934240362812	0	0.008842443729903537	0	-1
0.01	0.009187778623464173	0.016685205784204675	0.020093770931011386	0.04950495049504951	0.030321406913280776	0.020942408376963352	0.13975903614457832	0.0510948905109489	0	0	0.020250723240115717	0.06292906178489704	0.014365522745411013	0	0	0	0.008842443729903537	0.017008504252126067	-1
0.01	0	0.016685205784204675	0.020093770931011386	0	0.030321406913280776	0.020942408376963352	0.13975903614457832	0	0.010152284263959392	0.02922077922077922	0.020250723240115717	0.06292906178489704	0	0.01622874806800618	0.05668934240362812	0.009883720930232558	0	0	-1
0.01	0.009187778623464173	0	0	0.04950495049504951	0	0	0.13975903614457832	0	0	0	0	0	0.014365522745411013	0.01622874806800618	0.05668934240362812	0.009883720930232558	0.008842443729903537	0.017008504252126067	-1
0.01	0	0	0.020093770931011386	0.04950495049504951	0	0.020942408376963352	0	0	0	0.02922077922077922	0.020250723240115717	0	0.014365522745411013	0	0	0	0.008842443729903537	0	-1
0.01	0.009187778623464173	0	0.020093770931011386	0.04950495049504951	0	0.020942408376963352	0.13975903614457832	0	0.010152284263959392	0	0.020250723240115717	0.06292906178489704	0	0.01622874806800618	0.05668934240362812	0	0	0	-1
0.01	0	0.016685205784204675	0	0.04950495049504951	0	0	0.13975903614457832	0	0.010152284263959392	0	0.020250723240115717	0.06292906178489704	0	0	0.05668934240362812	0	0	0	-1
0.01	0	0	0.020093770931011386	0.04950495049504951	0	0	0	0.0510948905109489	0.010152284263959392	0.02922077922077922	0	0.06292906178489704	0.014365522745411013	0.01622874806800618	0.05668934240362812	0.009883720930232558	0.008842443729903537	0.017008504252126067	-1
0.01	0.009187778623464173	0	0.020093770931011386	0.04950495049504951	0.030321406913280776	0	0	0.0510948905109489	0.010152284263959392	0.02922077922077922	0.020250723240115717	0.06292906178489704	0	0.01622874806800618	0.05668934240362812	0	0.008842443729903537	0	-1
0.01	0	0	0.020093770931011386	0	0.030321406913280776	0	0	0.0510948905109489	0	0.02922077922077922	0.020250723240115717	0.06292906178489704	0.014365522745411013	0.01622874806800618	0	0	0	0	-1
0.01	0	0	0.020093770931011386	0	0	0.020942408376963352	0	0	0	0.02922077922077922	0.020250723240115717	0	0.014365522745411013	0	0.05668934240362812	0.009883720930232558	0	0.017008504252126067	-1
0.01	0	0.016685205784204675	0.020093770931011386	0.04950495049504951	0	0	0	0	0	0.02922077922077922	0	0.06292906178489704	0.014365522745411013	0	0.05668934240362812	0	0.008842443729903537	0	-1
0.01	0.009187778623464173	0	0.020093770931011386	0.04950495049504951	0.030321406913280776	0	0.13975903614457832	0	0	0	0.020250723240115717	0.06292906178489704	0	0.01622874806800618	0	0	0	0	-1
0.01	0	0.016685205784204675	0.020093770931011386	0.04950495049504951	0	0.020942408376963352	0.13975903614457832	0.0510948905109489	0.010152284263959392	0.02922077922077922	0.020250723240115717	0	0.014365522745411013	0.01622874806800618	0.05668934240362812	0.009883720930232558	0.008842443729903537	0.017008504252126067	-1
0.01	0.009187778623464173	0	0.020093770931011386	0.04950495049504951	0	0	0	0	0	0.02922077922077922	0.020250723240115717	0	0	0.01622874806800618	0	0	0	0.017008504252126067	-1
0.01	0.009187778623464173	0	0.020093770931011386	0.04950495049504951	0	0	0	0.0510948905109489	0	0.02922077922077922	0	0.06292906178489704	0.014365522745411013	0.01622874806800618	0	0.009883720930232558	0	0.017008504252126067	-1
0.01	0.009187778623464173	0.016685205784204675	0.020093770931011386	0.04950495049504951	0	0.020942408376963352	0.13975903614457832	0	0.010152284263959392	0	0	0.06292906178489704	0.014365522745411013	0.01622874806800618	0.05668934240362812	0.009883720930232558	0.008842443729903537	0	-1
0.01	0	0	0	0.04950495049504951	0.030321406913280776	0.020942408376963352	0.13975903614457832	0	0.010152284263959392	0	0.020250723240115717	0.06292906178489704	0	0.01622874806800618	0	0	0.008842443729903537	0.017008504252126067	-1
0.01	0	0	0.020093770931011386	0.04950495049504951	0	0	0	0.0510948905109489	0.010152284263959392	0	0.020250723240115717	0.06292906178489704	0	0.01622874806800618	0	0	0	0.017008504252126067	-1
0.01	0	0	0	0	0.030321406913280776	0	0	0	0.010152284263959392	0.02922077922077922	0	0.06292906178489704	0	0.01622874806800618	0.05668934240362812	0	0	0.017008504252126067	-1
0.01	0.009187778623464173	0	0.020093770931011386	0.04950495049504951	0.030321406913280776	0.020942408376963352	0	0	0.010152284263959392	0.02922077922077922	0.020250723240115717	0	0.014365522745411013	0	0	0.009883720930232558	0	0	-1
0.01	0	0.016685205784204675	0.020093770931011386	0	0	0.020942408376963352	0	0.0510948905109489	0	0.02922077922077922	0	0.06292906178489704	0.014365522745411013	0.01622874806800618	0	0	0.008842443729903537	0.017008504252126067	-1
0.01	0	0	0	0	0.030321406913280776	0	0	0	0	0.02922077922077922	0	0.06292906178489704	0.014365522745411013	0	0	0	0.008842443729903537	0	-1
0.01	0.009187778623464173	0	0	0	0.030321406913280776	0.020942408376963352	0	0	0	0.02922077922077922	0.020250723240115717	0	0.014365522745411013	0	0	0	0.008842443729903537	0.017008504252126067	-1
0.01	0	0	0	0.04950495049504951	0.030321406913280776	0.020942408376963352	0	0.0510948905109489	0	0	0.020250723240115717	0	0	0	0	0.009883720930232558	0	0	-1
0.01	0	0.016685205784204675	0.020093770931011386	0.04950495049504951	0	0.020942408376963352	0	0	0	0.02922077922077922	0.020250723240115717	0.06292906178489704	0	0.01622874806800618	0.05668934240362812	0	0.008842443729903537	0	-1
0.01	0.009187778623464173	0.016685205784204675	0	0.04950495049504951	0	0	0.13975903614457832	0.0510948905109489	0	0.02922077922077922	0	0.06292906178489704	0.014365522745411013	0	0	0.009883720930232558	0	0	-1
0.01	0	0	0.020093770931011386	0.04950495049504951	0	0	0	0.0510948905109489	0	0	0	0	0.014365522745411013	0.01622874806800618	0	0.009883720930232558	0.008842443729903537	0	-1
0.01	0.009187778623464173	0.016685205784204675	0.020093770931011386	0.04950495049504951	0	0.020942408376963352	0.13975903614457832	0.0510948905109489	0.010152284263959392	0	0.020250723240115717	0.06292906178489704	0	0	0.05668934240362812	0	0.008842443729903537	0.017008504252126067	-1
0.01	0	0	0.020093770931011386	0.04950495049504951	0.030321406913280776	0.020942408376963352	0	0.0510948905109489	0.010152284263959392	0	0.020250723240115717	0	0.014365522745411013	0	0	0	0.008842443729903537	0	-1
0.01	0.009187778623464173	0	0.020093770931011386	0	0	0.020942408376963352	0.13975903614457832	0.0510948905109489	0.010152284263959392	0.02922077922077922	0	0.06292906178489704	0	0	0.05668934240362812	0	0.008842443729903537	0.017008504252126067	-1
0.01	0.009187778623464173	0	0	0.04950495049504951	0	0.020942408376963352	0	0.0510948905109489	0	0	0.020250723240115717	0.06292906178489704	0.014365522745411013	0	0.05668934240362812	0.009883720930232558	0	0.017008504252126067	-1
0.01	0.009187778623464173	0.016685205784204675	0	0	0.030321406913280776	0	0.13975903614457832	0	0	0	0.020250723240115717	0.06292906178489704	0	0.01622874806800618	0	0	0.008842443729903537	0	-1
0.01	0	0.016685205784204675	0	0.04950495049504951	0	0.020942408376963352	0	0	0.010152284263959392	0.02922077922077922	0.020250723240115717	0.06292906178489704	0	0.01622874806800618	0	0	0.008842443729903537	0.017008504252126067	-1
0.01	0.009187778623464173	0.016685205784204675	0.020093770931011386	0	0	0	0	0.0510948905109489	0.010152284263959392	0.02922077922077922	0.020250723240115717	0.06292906178489704	0.014365522745411013	0.01622874806800618	0.05668934240362812	0	0.008842443729903537	0.017008504252126067	-1
0.01	0.009187778623464173	0	0.020093770931011386	0.04950495049504951	0.030321406913280776	0	0.13975903614457832	0.0510948905109489	0.010152284263959392	0	0	0	0.014365522745411013	0.01622874806800618	0	0	0	0	-1
0.01	0	0	0.020093770931011386	0	0.030321406913280776	0	0	0	0.010152284263959392	0.02922077922077922	0.020250723240115717	0	0.014365522745411013	0	0	0.009883720930232558	0	0.017008504252126067	-1
0.01	0.009187778623464173	0.016685205784204675	0.020093770931011386	0.04950495049504951	0	0.020942408376963352	0	0	0	0.02922077922077922	0.020250723240115717	0	0	0.01622874806800618	0	0.009883720930232558	0	0	-1
0.01	0	0.016685205784204675	0.020093770931011386	0	0.030321406913280776	0	0.13975903614457832	0.0510948905109489	0	0	0.020250723240115717	0.06292906178489704	0.014365522745411013	0	0	0.009883720930232558	0.008842443729903537	0.017008504252126067	-1
0.01	0.009187778623464173	0.016685205784204675	0.020093770931011386	0.04950495049504951	0.030321406913280776	0.020942408376963352	0.13975903614457832	0.0510948905109489	0.010152284263959392	0.02922077922077922	0	0.06292906178489704	0.014365522745411013	0	0	0	0.008842443729903537	0.017008504252126067	-1
0.01	0.009187778623464173	0	0.020093770931011386	0.04950495049504951	0.030321406913280776	0	0.13975903614457832	0.0510948905109489	0	0.02922077922077922	0	0	0.014365522745411013	0.01622874806800618	0.05668934240362812	0.009883720930232558	0	0	-1
0.01	0	0.016685205784204675	0	0	0	0.020942408376963352	0.13975903614457832	0	0	0.02922077922077922	0.020250723240115717	0.06292906178489704	0	0	0	0.009883720930232558	0	0.017008504252126067	-1
0.01	0.009187778623464173	0.016685205784204675	0.020093770931011386	0.04950495049504951	0.030321406913280776	0.020942408376963352	0	0	0.010152284263959392	0.02922077922077922	0	0	0.014365522745411013	0.01622874806800618	0.05668934240362812	0	0	0.017008504252126067	-1
0.01	0.009187778623464173	0	0.020093770931011386	0	0	0	0.13975903614457832	0	0	0	0.020250723240115717	0.06292906178489704	0.014365522745411013	0	0	0.009883720930232558	0	0	-1
0.01	0	0.016685205784204675	0	0.04950495049504951	0.030321406913280776	0	0	0.0510948905109489	0	0.02922077922077922	0.020250723240115717	0	0	0.01622874806800618	0	0.009883720930232558	0	0.017008504252126067	-1
0.01	0.009187778623464173	0	0	0	0.030321406913280776	0	0	0.0510948905109489	0	0.02922077922077922	0.020250723240115717	0.06292906178489704	0.014365522745411013	0	0	0	0.008842443729903537	0.017008504252126067	-1
0.01	0	0	0	0.04950495049504951	0	0.020942408376963352	0.13975903614457832	0	0	0	0.020250723240115717	0	0	0	0.05668934240362812	0	0	0	-1
0.01	0	0	0	0.04950495049504951	0	0.020942408376963352	0	0.0510948905109489	0	0	0.020250723240115717	0.06292906178489704	0.014365522745411013	0.01622874806800618	0	0.009883720930232558	0	0	-1
0.01	0.009187778623464173	0	0.020093770931011386	0	0.030321406913280776	0	0	0	0	0.02922077922077922	0.020250723240115717	0.06292906178489704	0.014365522745411013	0.01622874806800618	0	0	0.008842443729903537	0.017008504252126067	-1
0.01	0.009187778623464173	0	0.020093770931011386	0.04950495049504951	0.030321406913280776	0.020942408376963352	0.13975903614457832	0	0.010152284263959392	0	0.020250723240115717	0.06292906178489704	0.014365522745411013	0	0.05668934240362812	0	0.008842443729903537	0.017008504252126067	-1
0.01	0	0.016685205784204675	0.020093770931011386	0	0.030321406913280776	0	0	0	0	0	0.020250723240115717	0.06292906178489704	0	0.01622874806800618	0	0.009883720930232558	0.008842443729903537	0.017008504252126067	-1
0.01	0.009187778623464173	0.016685205784204675	0.020093770931011386	0.04950495049504951	0.030321406913280776	0.020942408376963352	0	0.0510948905109489	0.010152284263959392	0.02922077922077922	0.020250723240115717	0	0.014365522745411013	0.01622874806800618	0.05668934240362812	0.009883720930232558	0	0.017008504252126067	-1
0.01	0.009187778623464173	0	0	0.04950495049504951	0.030321406913280776	0.020942408376963352	0.13975903614457832	0.0510948905109489	0	0	0.020250723240115717	0.06292906178489704	0.014365522745411013	0.01622874806800618	0	0	0	0.017008504252126067	-1
0.01	0	0	0	0	0	0.020942408376963352	0	0.0510948905109489	0	0.02922077922077922	0	0.06292906178489704	0	0	0	0.009883720930232558	0.008842443729903537	0	-1
0.01	0.009187778623464173	0	0.020093770931011386	0.04950495049504951	0	0	0.13975903614457832	0	0.010152284263959392	0.02922077922077922	0.020250723240115717	0.06292906178489704	0.014365522745411013	0.01622874806800618	0	0.009883720930232558	0.008842443729903537	0.017008504252126067	-1
0.01	0.009187778623464173	0.016685205784204675	0.020093770931011386	0.04950495049504951	0.030321406913280776	0.020942408376963352	0.13975903614457832	0.0510948905109489	0.010152284263959392	0.02922077922077922	0.020250723240115717	0.06292906178489704	0.014365522745411013	0.01622874806800618	0.05668934240362812	0.009883720930232558	0.008842443729903537	0.017008504252126067	-1
0.01	0	0	0	0.04950495049504951	0	0	0	0	0	0.02922077922077922	0	0.06292906178489704	0	0	0	0	0.008842443729903537	0.017008504252126067	-1
0.01	0	0.016685205784204675	0	0	0	0.020942408376963352	0	0.0510948905109489	0	0.02922077922077922	0	0	0	0.01622874806800618	0.05668934240362812	0	0.008842443729903537	0	-1
0.01	0	0	0	0	0.030321406913280776	0	0.13975903614457832	0.0510948905109489	0	0	0	0.06292906178489704	0.014365522745411013	0.01622874806800618	0	0	0.008842443729903537	0.017008504252126067	-1
0.01	0.009187778623464173	0.016685205784204675	0	0	0.030321406913280776	0.020942408376963352	0.13975903614457832	0.0510948905109489	0	0.02922077922077922	0.020250723240115717	0.06292906178489704	0	0	0.05668934240362812	0	0	0.017008504252126067	-1
0.01	0	0.016685205784204675	0	0.04950495049504951	0	0	0	0	0.010152284263959392	0	0.020250723240115717	0.06292906178489704	0.014365522745411013	0	0.05668934240362812	0	0	0	-1
0.01	0.009187778623464173	0.016685205784204675	0.020093770931011386	0.04950495049504951	0.030321406913280776	0.020942408376963352	0.13975903614457832	0	0	0.02922077922077922	0	0.06292906178489704	0	0.01622874806800618	0	0.009883720930232558	0.008842443729903537	0.017008504252126067	-1
0.01	0	0	0	0	0	0.020942408376963352	0	0	0.010152284263959392	0.02922077922077922	0	0.06292906178489704	0.014365522745411013	0	0	0.009883720930232558	0.008842443729903537	0.017008504252126067	-1
0.01	0	0	0	0.04950495049504951	0	0.020942408376963352	0.13975903614457832	0	0.010152284263959392	0.02922077922077922	0.020250723240115717	0.06292906178489704	0	0	0.05668934240362812	0.009883720930232558	0.008842443729903537	0.017008504252126067	-1
0.01	0	0.016685205784204675	0	0	0	0	0.13975903614457832	0.0510948905109489	0	0	0	0.06292906178489704	0.014365522745411013	0.01622874806800618	0	0	0	0.017008504252126067	-1
0.01	0.009187778623464173	0	0.020093770931011386	0.04950495049504951	0.030321406913280776	0.020942408376963352	0.13975903614457832	0.0510948905109489	0	0.02922077922077922	0.020250723240115717	0	0	0	0.05668934240362812	0.009883720930232558	0.008842443729903537	0	-1
0.01	0.009187778623464173	0	0	0	0.030321406913280776	0	0	0	0.010152284263959392	0.02922077922077922	0.020250723240115717	0	0	0.01622874806800618	0.05668934240362812	0	0.008842443729903537	0.017008504252126067	-1
0.01	0	0	0.020093770931011386	0	0	0.020942408376963352	0	0.0510948905109489	0.010152284263959392	0	0	0.06292906178489704	0.014365522745411013	0.01622874806800618	0.05668934240362812	0.009883720930232558	0.008842443729903537	0	-1
0.01	0.009187778623464173	0	0.020093770931011386	0	0	0.020942408376963352	0.13975903614457832	0.0510948905109489	0.010152284263959392	0.02922077922077922	0	0.06292906178489704	0.014365522745411013	0.01622874806800618	0	0	0.008842443729903537	0.017008504252126067	-1
0.01	0.009187778623464173	0	0.020093770931011386	0.04950495049504951	0	0.020942408376963352	0	0.0510948905109489	0.010152284263959392	0.02922077922077922	0.020250723240115717	0.06292906178489704	0.014365522745411013	0	0.05668934240362812	0	0.008842443729903537	0	-1
0.01	0	0	0	0	0.030321406913280776	0	0	0	0	0.02922077922077922	0.020250723240115717	0.06292906178489704	0.014365522745411013	0	0	0	0.008842443729903537	0.017008504252126067	-1
0.01	0.009187778623464173	0.016685205784204675	0	0	0.030321406913280776	0	0.13975903614457832	0	0	0.02922077922077922	0.020250723240115717	0	0	0.01622874806800618	0.05668934240362812	0.009883720930232558	0	0	-1
0.01	0.009187778623464173	0	0.020093770931011386	0.04950495049504951	0.030321406913280776	0	0	0	0	0.02922077922077922	0.020250723240115717	0	0.014365522745411013	0	0	0.009883720930232558	0.008842443729903537	0	-1
0.01	0	0	0	0	0	0	0.13975903614457832	0.0510948905109489	0	0.02922077922077922	0.020250723240115717	0	0.014365522745411013	0	0	0	0	0.017008504252126067	-1
0.01	0.009187778623464173	0.016685205784204675	0	0	0	0.020942408376963352	0.13975903614457832	0.0510948905109489	0	0	0	0	0.014365522745411013	0.01622874806800618	0.05668934240362812	0	0	0.017008504252126067	-1
0.01	0.009187778623464173	0.016685205784204675	0.020093770931011386	0.04950495049504951	0	0.020942408376963352	0.13975903614457832	0	0.010152284263959392	0	0.020250723240115717	0	0	0.01622874806800618	0	0.009883720930232558	0.008842443729903537	0	-1
0.01	0	0	0.020093770931011386	0	0	0.020942408376963352	0.13975903614457832	0	0	0.02922077922077922	0	0.06292906178489704	0.014365522745411013	0	0.05668934240362812	0	0	0	-1
0.01	0	0.016685205784204675	0	0	0	0	0.13975903614457832	0	0	0	0	0.06292906178489704	0.014365522745411013	0	0.05668934240362812	0.009883720930232558	0	0	-1
