0.01	0	0	0	0	0	0.019041365725541694	0	0	0	0	0	0	0	0	0	0.0073937153419593345	0.005494505494505494	0.01	0	1
0.01	0	0.01631644004944376	0	0	0	0	0	0	0	0	0	0.031717098067808966	0	0	0	0	0.005494505494505494	0	0	1
0.01	0	0.01631644004944376	0	0	0	0	0	0	0	0	0	0.031717098067808966	0	0	0	0	0	0	0	1
0.01	0	0.01631644004944376	0	0	0	0	0	0	0	0.012914188615123194	0	0	0	0	0.009523809523809523	0	0.005494505494505494	0.01	0	1
0.01	0.014356870788162907	0.01631644004944376	0.01869158878504673	0	0	0	0	0	0	0	0	0	0	0	0	0	0	0.01	0	1
0.01	0	0	0	0	0.01	0.019041365725541694	0	0	0	0	0	0	0	0.017441860465116275	0.009523809523809523	0.0073937153419593345	0	0	0	1
0.01	0	0	0	0	0.01	0	0	0	0	0	0.014814814814814815	0	0	0	0	0	0	0	0	1
0.01	0	0	0	0.005412719891745603	0	0	0	0	0	0	0	0	0	0	0	0	0	0	0	1
0.01	0.014356870788162907	0.01631644004944376	0.01869158878504673	0	0	0	0	0	0	0	0	0	0	0	0	0	0	0	0	1
0.01	0	0	0	0	0	0	0.022964509394572025	0	0	0	0	0	0	0	0	0	0	0	0	1
0.01	0	0.01631644004944376	0	0	0	0	0	0	0	0	0	0.031717098067808966	0	0	0	0	0.005494505494505494	0	0	1
0.01	0.014356870788162907	0.01631644004944376	0.01869158878504673	0	0	0	0	0	0	0	0	0	0.024349286314021827	0	0	0	0	0	0	1
0.01	0.014356870788162907	0	0	0	0	0	0.022964509394572025	0.01818181818181818	0	0	0	0	0	0	0.009523809523809523	0	0	0	0	1
0.01	0	0.01631644004944376	0	0.005412719891745603	0.01	0	0	0	0	0	0	0	0	0	0	0	0	0.01	0	1
0.01	0.014356870788162907	0.01631644004944376	0	0.005412719891745603	0	0	0	0	0	0	0	0.031717098067808966	0	0	0.009523809523809523	0.0073937153419593345	0	0	0	1
0.01	0.014356870788162907	0.01631644004944376	0.01869158878504673	0.005412719891745603	0	0	0	0	0	0	0	0	0	0.017441860465116275	0.009523809523809523	0.0073937153419593345	0.005494505494505494	0	0	1
0.01	0	0	0	0	0	0	0	0	0	0	0	0	0	0	0	0	0	0	0	1
0.01	0	0.01631644004944376	0	0	0	0	0	0	0	0	0	0	0	0	0.009523809523809523	0	0.005494505494505494	0	0	1
0.01	0	0	0	0	0	0	0	0	0	0	0	0	0	0	0	0	0	0	0	1
0.01	0	0	0.01869158878504673	0	0	0	0	0	0	0	0	0	0	0	0	0	0	0	0	1
0.01	0.014356870788162907	0	0	0	0	0	0	0	0.01855176540993417	0	0	0	0	0	0	0.0073937153419593345	0.005494505494505494	0	0	1
0.01	0	0	0	0.005412719891745603	0	0	0	0	0	0	0	0	0	0	0	0	0	0	0	1
0.01	0	0.01631644004944376	0	0	0	0	0	0	0	0	0	0	0	0	0.009523809523809523	0	0	0	0	1
0.01	0	0.01631644004944376	0.01869158878504673	0	0	0	0	0	0	0	0	0	0	0	0	0	0.005494505494505494	0.01	0	1
0.01	0	0.01631644004944376	0	0	0	0	0	0	0	0	0	0.031717098067808966	0	0	0	0	0	0	0	1
0.01	0	0.01631644004944376	0	0	0	0	0	0	0	0	0	0	0	0	0	0	0	0	0	1
0.01	0	0	0	0	0	0.019041365725541694	0	0	0	0	0	0	0	0	0	0.0073937153419593345	0	0	0	1
0.01	0	0	0	0.005412719891745603	0	0	0	0	0	0	0	0	0	0	0	0	0	0	0	1
0.01	0	0	0.01869158878504673	0	0	0.019041365725541694	0.022964509394572025	0	0	0	0	0	0	0	0.009523809523809523	0.0073937153419593345	0.005494505494505494	0.01	0.007761966364812419	-1
0.01	0	0.01631644004944376	0.01869158878504673	0.005412719891745603	0.01	0.019041365725541694	0.022964509394572025	0	0.01855176540993417	0	0	0.031717098067808966	0.024349286314021827	0	0.009523809523809523	0	0	0.01	0	-1
0.01	0	0.01631644004944376	0.01869158878504673	0	0	0	0.022964509394572025	0	0	0	0	0	0	0.017441860465116275	0.009523809523809523	0	0	0.01	0	-1
0.01	0	0.01631644004944376	0.01869158878504673	0	0	0	0.022964509394572025	0	0	0	0	0	0	0.017441860465116275	0.009523809523809523	0	0	0.01	0	-1
0.01	0	0.01631644004944376	0	0.005412719891745603	0	0.019041365725541694	0	0.01818181818181818	0	0	0	0	0	0	0.009523809523809523	0.0073937153419593345	0.005494505494505494	0.01	0.007761966364812419	-1
0.01	0	0	0	0	0.01	0	0.022964509394572025	0	0	0	0	0	0	0	0.009523809523809523	0	0	0	0	-1
0.01	0.014356870788162907	0.01631644004944376	0	0	0.01	0	0.022964509394572025	0	0	0	0	0	0	0	0.009523809523809523	0.0073937153419593345	0.005494505494505494	0	0	-1
0.01	0	0	0.01869158878504673	0.005412719891745603	0	0.019041365725541694	0	0	0	0	0	0	0	0	0.009523809523809523	0	0.005494505494505494	0.01	0.007761966364812419	-1
0.01	0.014356870788162907	0.01631644004944376	0.01869158878504673	0.005412719891745603	0.01	0	0.022964509394572025	0	0	0.012914188615123194	0.014814814814814815	0	0	0	0	0.0073937153419593345	0.005494505494505494	0.01	0	-1
0.01	0	0.01631644004944376	0.01869158878504673	0	0.01	0.019041365725541694	0.022964509394572025	0	0	0	0.014814814814814815	0	0	0	0.009523809523809523	0.0073937153419593345	0.005494505494505494	0.01	0	-1
0.01	0	0	0.01869158878504673	0.005412719891745603	0	0	0.022964509394572025	0	0.01855176540993417	0	0	0	0.024349286314021827	0	0.009523809523809523	0.0073937153419593345	0	0	0	-1
0.01	0	0	0.01869158878504673	0.005412719891745603	0.01	0	0	0	0.01855176540993417	0	0	0.031717098067808966	0	0	0	0.0073937153419593345	0.005494505494505494	0.01	0.007761966364812419	-1
0.01	0	0	0.01869158878504673	0.005412719891745603	0	0.019041365725541694	0.022964509394572025	0	0	0	0	0	0.024349286314021827	0	0.009523809523809523	0	0.005494505494505494	0.01	0	-1
0.01	0.014356870788162907	0	0	0.005412719891745603	0.01	0	0.022964509394572025	0	0	0	0	0	0	0.017441860465116275	0.009523809523809523	0.0073937153419593345	0	0	0	-1
0.01	0.014356870788162907	0.01631644004944376	0.01869158878504673	0.005412719891745603	0.01	0.019041365725541694	0.022964509394572025	0	0.01855176540993417	0	0.014814814814814815	0	0.024349286314021827	0.017441860465116275	0.009523809523809523	0	0.005494505494505494	0	0	-1
0.01	0	0.01631644004944376	0.01869158878504673	0.005412719891745603	0.01	0.019041365725541694	0.022964509394572025	0	0	0	0	0	0.024349286314021827	0.017441860465116275	0	0.0073937153419593345	0.005494505494505494	0.01	0.007761966364812419	-1
0.01	0	0.01631644004944376	0.01869158878504673	0	0	0.019041365725541694	0	0	0	0.012914188615123194	0	0.031717098067808966	0	0	0.009523809523809523	0	0	0.01	0.007761966364812419	-1
0.01	0.014356870788162907	0.01631644004944376	0.01869158878504673	0.005412719891745603	0	0	0	0	0.01855176540993417	0	0.014814814814814815	0	0.024349286314021827	0.017441860465116275	0	0.0073937153419593345	0	0.01	0	-1
0.01	0	0.01631644004944376	0	0	0	0	0	0.01818181818181818	0.01855176540993417	0	0	0.031717098067808966	0	0.017441860465116275	0.009523809523809523	0.0073937153419593345	0.005494505494505494	0	0	-1
0.01	0	0.01631644004944376	0.01869158878504673	0.005412719891745603	0.01	0.019041365725541694	0.022964509394572025	0	0	0	0	0	0.024349286314021827	0.017441860465116275	0	0.0073937153419593345	0.005494505494505494	0.01	0.007761966364812419	-1
0.01	0	0.01631644004944376	0	0.005412719891745603	0	0.019041365725541694	0	0.01818181818181818	0	0	0	0	0	0	0.009523809523809523	0.0073937153419593345	0.005494505494505494	0.01	0.007761966364812419	-1
0.01	0.014356870788162907	0.01631644004944376	0	0.005412719891745603	0	0	0.022964509394572025	0.01818181818181818	0	0.012914188615123194	0	0	0	0	0.009523809523809523	0.0073937153419593345	0.005494505494505494	0.01	0	-1
0.01	0.014356870788162907	0.01631644004944376	0.01869158878504673	0.005412719891745603	0	0	0	0	0.01855176540993417	0	0	0	0.024349286314021827	0.017441860465116275	0	0.0073937153419593345	0	0	0	-1
0.01	0	0.01631644004944376	0	0	0.01	0	0	0	0	0	0.014814814814814815	0.031717098067808966	0.024349286314021827	0	0	0.0073937153419593345	0.005494505494505494	0.01	0	-1
0.01	0	0	0.01869158878504673	0	0	0.019041365725541694	0.022964509394572025	0	0	0	0	0	0	0	0.009523809523809523	0.0073937153419593345	0.005494505494505494	0.01	0.007761966364812419	-1
0.01	0	0.01631644004944376	0.01869158878504673	0.005412719891745603	0.01	0.019041365725541694	0.022964509394572025	0	0.01855176540993417	0.012914188615123194	0	0	0	0.017441860465116275	0	0.0073937153419593345	0.005494505494505494	0.01	0.007761966364812419	-1
0.01	0.014356870788162907	0.01631644004944376	0	0.005412719891745603	0	0	0	0	0	0	0	0	0.024349286314021827	0	0.009523809523809523	0.0073937153419593345	0	0.01	0	-1
0.01	0	0.01631644004944376	0.01869158878504673	0	0.01	0	0.022964509394572025	0.01818181818181818	0.01855176540993417	0	0	0	0	0	0.009523809523809523	0.0073937153419593345	0.005494505494505494	0	0	-1
