0.01	0	0	0	0	0	0	0	0.03258293838862559	0.0547945205479452	0.018492176386913233	0	0	0	0.05490848585690515	0	0	0.012178619756427604	0	0	0	0	0.10810810810810809	1
0.01	0	0.02390438247011952	0	0	0.053164556962025315	0.2285714285714286	0	0	0	0	0	0.027397260273972605	0	0	0	0	0	0.020134228187919465	0	0	0.01	0.10810810810810809	1
0.01	0.008635882974973565	0	0	0.03005464480874317	0.053164556962025315	0	0	0	0	0	0.03566710700132101	0	0	0	0	0	0.012178619756427604	0	0	0	0	0	1
0.01	0	0	0	0	0	0	0	0.03258293838862559	0	0	0	0	0	0	0	0	0	0	0	0	0	0	1
0.01	0.008635882974973565	0.02390438247011952	0	0	0	0	0	0	0	0	0.03566710700132101	0	0	0	0	0.043750000000000004	0	0	0	0	0.01	0.10810810810810809	1
0.01	0	0	0	0	0	0	0	0.03258293838862559	0	0	0	0	0	0	0	0	0	0	0	0	0	0	1
0.01	0	0	0	0	0	0	0	0.03258293838862559	0	0	0	0	0.017064846416382253	0	0.062264150943396226	0	0	0	0	0	0.01	0	1
0.01	0	0	0.33980582524271846	0.03005464480874317	0.053164556962025315	0	0	0	0	0	0	0.027397260273972605	0	0	0	0	0	0.020134228187919465	0	0	0	0.10810810810810809	1
0.01	0.008635882974973565	0.02390438247011952	0	0	0	0	0	0.03258293838862559	0	0	0	0	0	0	0	0	0	0	0	0.06012024048096193	0	0	1
0.01	0.008635882974973565	0	0	0	0	0	0	0	0	0	0	0	0	0	0	0	0	0	0	0	0	0	1
0.01	0.008635882974973565	0	0	0	0	0	0	0.03258293838862559	0	0	0	0	0.017064846416382253	0	0	0	0	0.020134228187919465	0	0	0.01	0.10810810810810809	1
0.01	0	0	0	0	0.053164556962025315	0	0	0	0	0	0.03566710700132101	0	0	0	0	0	0	0	0	0.06012024048096193	0	0	1
0.01	0	0	0	0	0	0	0	0.03258293838862559	0	0	0	0	0	0	0	0.043750000000000004	0	0	0	0	0	0.10810810810810809	1
0.01	0	0	0	0	0	0	0	0.03258293838862559	0	0	0	0	0	0	0	0	0	0	0	0	0	0	1
0.01	0.008635882974973565	0	0	0	0	0	0	0	0	0	0	0	0	0	0	0	0	0	0	0	0	0	1
0.01	0	0	0	0	0.053164556962025315	0	0	0	0	0.018492176386913233	0	0	0	0	0	0	0	0	0	0	0.01	0	1
0.01	0.008635882974973565	0	0	0	0	0	0	0	0	0	0	0	0	0	0	0	0	0	0	0	0	0	1
0.01	0	0	0	0	0	0.2285714285714286	0	0	0.0547945205479452	0	0	0	0	0	0	0	0	0	0	0	0	0.10810810810810809	1
0.01	0	0	0	0	0	0	0	0.03258293838862559	0	0	0	0	0	0	0	0	0	0	0	0	0	0	1
0.01	0	0	0	0	0	0	0	0.03258293838862559	0	0	0	0	0	0	0	0	0	0	0	0	0	0	1
0.01	0.008635882974973565	0	0	0.03005464480874317	0.053164556962025315	0	0	0	0	0	0	0	0	0.05490848585690515	0	0.043750000000000004	0.012178619756427604	0	0	0	0	0	1
0.01	0	0	0	0	0	0	0	0	0	0	0	0	0	0	0	0	0	0	0	0	0	0.10810810810810809	1
0.01	0.008635882974973565	0.02390438247011952	0	0	0	0	0	0	0	0	0	0	0	0	0	0	0.012178619756427604	0	0	0	0	0	1
0.01	0	0.02390438247011952	0	0	0	0	0	0	0	0	0	0	0	0	0	0	0	0	0	0	0.01	0	1
0.01	0	0	0	0	0.053164556962025315	0	0	0	0	0	0	0	0	0	0	0	0.012178619756427604	0	0	0	0.01	0	1
0.01	0	0	0	0	0	0	0	0.03258293838862559	0	0	0	0	0	0	0	0	0.012178619756427604	0	0	0.06012024048096193	0	0	1
0.01	0.008635882974973565	0.02390438247011952	0	0.03005464480874317	0.053164556962025315	0.2285714285714286	0	0.03258293838862559	0	0	0	0.027397260273972605	0.017064846416382253	0	0.062264150943396226	0	0	0	0	0.06012024048096193	0.01	0.10810810810810809	-1
0.01	0	0.02390438247011952	0	0	0.053164556962025315	0.2285714285714286	0	0.03258293838862559	0	0.018492176386913233	0	0	0.017064846416382253	0.05490848585690515	0	0	0	0.020134228187919465	0	0	0.01	0	-1
0.01	0	0.02390438247011952	0.33980582524271846	0.03005464480874317	0.053164556962025315	0.2285714285714286	0.2073170731707317	0.03258293838862559	0.0547945205479452	0	0	0.027397260273972605	0	0	0.062264150943396226	0	0	0	0.006369426751592357	0.06012024048096193	0.01	0.10810810810810809	-1
0.01	0.008635882974973565	0.02390438247011952	0.33980582524271846	0.03005464480874317	0.053164556962025315	0.2285714285714286	0	0.03258293838862559	0.0547945205479452	0	0.03566710700132101	0	0	0.05490848585690515	0	0.043750000000000004	0.012178619756427604	0	0.006369426751592357	0.06012024048096193	0.01	0	-1
0.01	0.008635882974973565	0	0	0	0	0.2285714285714286	0	0.03258293838862559	0	0	0	0	0	0	0	0.043750000000000004	0	0	0	0	0.01	0	-1
0.01	0.008635882974973565	0	0	0	0	0	0	0	0	0.018492176386913233	0.03566710700132101	0	0	0	0.062264150943396226	0	0	0	0.006369426751592357	0	0.01	0.10810810810810809	-1
0.01	0.008635882974973565	0.02390438247011952	0	0.03005464480874317	0	0.2285714285714286	0.2073170731707317	0.03258293838862559	0.0547945205479452	0.018492176386913233	0.03566710700132101	0	0	0.05490848585690515	0.062264150943396226	0	0	0.020134228187919465	0	0	0.01	0.10810810810810809	-1
0.01	0.008635882974973565	0	0.33980582524271846	0	0	0	0	0	0.0547945205479452	0	0.03566710700132101	0	0	0.05490848585690515	0.062264150943396226	0	0	0	0	0	0.01	0.10810810810810809	-1
0.01	0.008635882974973565	0.02390438247011952	0.33980582524271846	0.03005464480874317	0.053164556962025315	0	0	0.03258293838862559	0	0.018492176386913233	0.03566710700132101	0	0.017064846416382253	0	0	0	0	0	0	0	0.01	0	-1
0.01	0	0.02390438247011952	0	0.03005464480874317	0	0	0.2073170731707317	0.03258293838862559	0	0	0.03566710700132101	0.027397260273972605	0	0	0.062264150943396226	0	0.012178619756427604	0	0	0.06012024048096193	0.01	0	-1
0.01	0.008635882974973565	0.02390438247011952	0	0.03005464480874317	0	0	0	0	0	0	0	0	0.017064846416382253	0	0.062264150943396226	0.043750000000000004	0	0.020134228187919465	0	0	0.01	0	-1
0.01	0	0	0	0	0	0	0	0	0	0	0.03566710700132101	0.027397260273972605	0	0	0.062264150943396226	0	0.012178619756427604	0.020134228187919465	0	0	0.01	0.10810810810810809	-1
0.01	0.008635882974973565	0	0	0.03005464480874317	0.053164556962025315	0	0.2073170731707317	0	0.0547945205479452	0.018492176386913233	0.03566710700132101	0	0	0	0	0	0.012178619756427604	0	0	0.06012024048096193	0.01	0.10810810810810809	-1
0.01	0.008635882974973565	0.02390438247011952	0	0.03005464480874317	0.053164556962025315	0.2285714285714286	0.2073170731707317	0.03258293838862559	0.0547945205479452	0.018492176386913233	0.03566710700132101	0	0	0	0.062264150943396226	0.043750000000000004	0.012178619756427604	0	0	0.06012024048096193	0.01	0.10810810810810809	-1
0.01	0.008635882974973565	0	0.33980582524271846	0	0.053164556962025315	0.2285714285714286	0.2073170731707317	0.03258293838862559	0	0	0	0.027397260273972605	0	0	0	0	0	0.020134228187919465	0	0	0.01	0.10810810810810809	-1
0.01	0	0.02390438247011952	0.33980582524271846	0	0	0.2285714285714286	0	0	0.0547945205479452	0.018492176386913233	0	0	0.017064846416382253	0	0.062264150943396226	0	0	0	0	0	0	0.10810810810810809	-1
0.01	0	0.02390438247011952	0	0.03005464480874317	0	0	0	0.03258293838862559	0	0	0	0.027397260273972605	0.017064846416382253	0	0.062264150943396226	0	0.012178619756427604	0	0.006369426751592357	0.06012024048096193	0.01	0.10810810810810809	-1
0.01	0	0.02390438247011952	0	0.03005464480874317	0	0	0.2073170731707317	0.03258293838862559	0	0	0.03566710700132101	0.027397260273972605	0	0	0.062264150943396226	0	0.012178619756427604	0	0	0.06012024048096193	0.01	0	-1
0.01	0	0.02390438247011952	0	0	0.053164556962025315	0.2285714285714286	0	0.03258293838862559	0	0.018492176386913233	0	0	0.017064846416382253	0.05490848585690515	0	0	0	0.020134228187919465	0	0	0.01	0	-1
0.01	0.008635882974973565	0	0	0	0.053164556962025315	0	0.2073170731707317	0.03258293838862559	0	0	0	0	0	0	0	0.043750000000000004	0	0	0	0.06012024048096193	0	0.10810810810810809	-1
0.01	0	0.02390438247011952	0	0	0	0	0	0	0	0.018492176386913233	0.03566710700132101	0	0.017064846416382253	0.05490848585690515	0	0.043750000000000004	0	0	0	0	0.01	0.10810810810810809	-1
0.01	0.008635882974973565	0.02390438247011952	0.33980582524271846	0	0.053164556962025315	0.2285714285714286	0	0	0	0.018492176386913233	0	0.027397260273972605	0	0	0	0	0.012178619756427604	0	0	0.06012024048096193	0.01	0.10810810810810809	-1
0.01	0.008635882974973565	0.02390438247011952	0.33980582524271846	0	0.053164556962025315	0	0	0.03258293838862559	0	0	0.03566710700132101	0.027397260273972605	0	0	0	0	0	0	0	0.06012024048096193	0.01	0.10810810810810809	-1
0.01	0	0.02390438247011952	0.33980582524271846	0	0.053164556962025315	0	0	0.03258293838862559	0	0	0.03566710700132101	0	0	0	0	0	0	0.020134228187919465	0	0.06012024048096193	0	0	-1
0.01	0.008635882974973565	0	0	0	0.053164556962025315	0	0.2073170731707317	0.03258293838862559	0.0547945205479452	0.018492176386913233	0.03566710700132101	0	0.017064846416382253	0.05490848585690515	0.062264150943396226	0	0.012178619756427604	0.020134228187919465	0.006369426751592357	0.06012024048096193	0.01	0.10810810810810809	-1
0.01	0	0.02390438247011952	0.33980582524271846	0.03005464480874317	0	0.2285714285714286	0	0.03258293838862559	0	0	0	0	0	0	0	0	0.012178619756427604	0	0.006369426751592357	0	0.01	0	-1
