0.01	0	0	0	0	0	0	0	0	0.01	0	0	0	0	0	0	0	0	0	0	0	1
0.01	0.007577174929840976	0.010175240248728094	0	0	0	0	0.030786773090079822	0	0.01	0	0	0	0	0	0	0	0	0	0	0	1
0.01	0	0	0	0	0	0	0	0	0.01	0.16666666666666666	0	0	0	0	0	0	0	0	0	0	1
0.01	0.007577174929840976	0	0	0	0	0	0	0	0.01	0	0	0	0	0.011516314779270637	0	0	0	0	0	0	1
0.01	0	0.010175240248728094	0.010804321728691477	0	0	0	0	0	0.01	0	0	0	0	0.011516314779270637	0.04	0	0	0	0	0.06161137440758295	1
0.01	0	0	0	0	0	0	0.030786773090079822	0	0.01	0	0	0	0.0065107306486616836	0	0	0	0	0	0	0	1
0.01	0	0	0.010804321728691477	0	0	0.025125628140703515	0	0	0	0	0	0.013578274760383384	0.0065107306486616836	0.011516314779270637	0	0	0	0	0	0.06161137440758295	1
0.01	0	0	0	0	0	0	0	0	0	0	0	0	0	0	0	0	0	0	0	0	1
0.01	0	0	0	0	0	0	0.030786773090079822	0	0.01	0	0	0	0.0065107306486616836	0	0	0	0	0	0	0	1
0.01	0	0	0	0	0	0	0	0	0.01	0	0	0	0.0065107306486616836	0	0	0	0.0667976424361493	0	0.029850746268656712	0.06161137440758295	1
0.01	0	0	0	0	0	0.025125628140703515	0	0	0	0	0	0	0	0	0	0	0	0	0	0	1
0.01	0	0	0	0	0	0	0	0	0.01	0	0	0	0.0065107306486616836	0	0	0	0	0	0	0	1
0.01	0	0	0	0	0	0	0	0	0.01	0	0	0	0	0	0	0	0	0	0	0	1
0.01	0	0	0	0	0	0	0	0	0.01	0	0	0	0.0065107306486616836	0	0	0	0	0.01	0	0.06161137440758295	1
0.01	0	0	0	0	0	0	0	0	0	0	0	0	0	0	0	0	0	0	0	0	1
0.01	0	0	0	0	0	0	0.030786773090079822	0	0.01	0	0	0	0.0065107306486616836	0	0	0	0	0	0	0	1
0.01	0	0	0.010804321728691477	0	0	0	0	0	0.01	0	0	0	0	0	0	0	0	0	0	0	1
0.01	0	0.010175240248728094	0	0	0	0	0	0	0	0	0	0	0	0	0	0	0	0.01	0.029850746268656712	0.06161137440758295	1
0.01	0	0	0	0	0	0	0	0	0.01	0.16666666666666666	0	0	0	0	0	0	0	0	0	0.06161137440758295	1
0.01	0	0	0	0	0	0	0	0	0.01	0	0	0	0	0	0	0	0	0	0	0	1
0.01	0	0	0	0.01	0	0	0	0	0.01	0	0	0	0	0	0	0	0	0	0	0.06161137440758295	1
0.01	0	0	0	0	0	0.025125628140703515	0.030786773090079822	0.011764705882352941	0.01	0	0	0.013578274760383384	0	0	0	0	0	0.01	0.029850746268656712	0.06161137440758295	1
0.01	0.007577174929840976	0.010175240248728094	0	0	0.01	0.025125628140703515	0.030786773090079822	0.011764705882352941	0	0	0	0	0	0	0	0	0	0.01	0.029850746268656712	0.06161137440758295	1
0.01	0	0	0	0	0.01	0.025125628140703515	0	0	0.01	0	0	0.013578274760383384	0	0	0	0	0	0	0	0.06161137440758295	1
0.01	0.007577174929840976	0	0	0	0	0	0	0	0.01	0	0.6515151515151515	0	0	0	0	0	0	0	0	0	1
0.01	0	0	0	0	0.01	0	0.030786773090079822	0	0	0	0	0	0	0.011516314779270637	0	0	0	0	0	0.06161137440758295	1
0.01	0	0.010175240248728094	0	0	0	0	0	0	0.01	0	0	0	0	0	0	0	0	0	0	0	1
0.01	0	0	0	0	0.01	0	0	0	0.01	0.16666666666666666	0	0	0	0	0	0	0	0.01	0	0	1
0.01	0	0	0	0	0	0	0	0	0.01	0	0	0	0.0065107306486616836	0	0	0	0	0	0	0	1
0.01	0	0	0	0	0	0	0	0	0.01	0.16666666666666666	0	0	0	0	0	0	0	0	0	0	1
0.01	0	0	0	0	0	0	0	0	0.01	0	0	0	0	0	0.04	0	0	0	0	0	1
0.01	0	0	0	0	0	0.025125628140703515	0	0	0.01	0	0	0	0	0	0	0	0	0	0	0	1
0.01	0	0	0	0	0.01	0	0	0	0.01	0	0	0	0.0065107306486616836	0	0	0	0	0	0	0.06161137440758295	1
0.01	0.007577174929840976	0	0	0	0	0	0	0	0.01	0	0	0	0.0065107306486616836	0	0	0	0	0	0	0.06161137440758295	1
0.01	0.007577174929840976	0.010175240248728094	0	0	0	0	0	0	0.01	0	0	0	0	0	0	0	0	0	0	0	1
0.01	0	0	0.010804321728691477	0	0	0	0	0	0.01	0	0	0.013578274760383384	0.0065107306486616836	0.011516314779270637	0	0	0	0	0	0.06161137440758295	1
0.01	0	0	0.010804321728691477	0	0	0	0	0	0	0	0	0	0	0	0	0.021879021879021878	0.0667976424361493	0	0	0	1
0.01	0	0	0	0	0	0	0	0	0.01	0	0	0	0	0	0	0	0	0	0	0	1
0.01	0	0	0	0	0	0	0	0	0.01	0	0.6515151515151515	0	0	0	0	0	0	0	0	0	1
0.01	0	0	0	0	0	0	0	0	0.01	0.16666666666666666	0	0	0	0.011516314779270637	0.04	0	0	0	0	0.06161137440758295	1
0.01	0	0.010175240248728094	0	0	0	0	0	0	0.01	0.16666666666666666	0	0	0	0	0	0	0	0	0	0	1
0.01	0	0	0	0	0	0	0	0	0.01	0	0	0	0	0	0	0	0	0	0	0	1
0.01	0	0	0	0	0	0	0	0	0.01	0.16666666666666666	0	0	0	0.011516314779270637	0	0	0	0	0	0	1
0.01	0.007577174929840976	0.010175240248728094	0	0	0	0	0	0	0.01	0	0	0	0	0	0	0	0	0	0	0	1
0.01	0	0.010175240248728094	0	0	0	0	0	0	0.01	0	0	0	0	0	0	0	0.0667976424361493	0	0	0	1
0.01	0	0	0	0	0	0.025125628140703515	0.030786773090079822	0	0	0	0	0	0	0	0	0	0	0.01	0	0	1
0.01	0	0	0	0	0	0	0.030786773090079822	0	0.01	0	0	0	0	0	0	0	0	0	0	0	1
0.01	0	0	0	0	0	0.025125628140703515	0	0	0.01	0.16666666666666666	0	0	0	0	0	0	0	0	0	0	1
0.01	0	0	0	0	0	0	0	0	0.01	0	0	0	0	0	0	0	0	0	0	0	1
0.01	0	0	0	0	0	0	0	0	0.01	0	0	0	0	0	0	0	0	0	0	0	1
0.01	0	0	0.010804321728691477	0	0	0	0	0.011764705882352941	0	0	0	0	0	0	0	0	0	0	0	0.06161137440758295	1
0.01	0	0	0	0	0	0	0	0	0	0	0	0	0	0	0	0	0	0	0	0	1
0.01	0	0.010175240248728094	0.010804321728691477	0	0	0.025125628140703515	0.030786773090079822	0.011764705882352941	0.01	0	0.6515151515151515	0.013578274760383384	0	0	0	0	0.0667976424361493	0.01	0	0.06161137440758295	-1
0.01	0	0.010175240248728094	0	0	0.01	0	0	0.011764705882352941	0.01	0	0	0.013578274760383384	0	0.011516314779270637	0	0.021879021879021878	0	0	0.029850746268656712	0.06161137440758295	-1
0.01	0.007577174929840976	0	0.010804321728691477	0.01	0	0	0.030786773090079822	0	0.01	0	0.6515151515151515	0	0	0.011516314779270637	0.04	0	0	0	0	0.06161137440758295	-1
0.01	0.007577174929840976	0	0.010804321728691477	0.01	0.01	0.025125628140703515	0.030786773090079822	0.011764705882352941	0.01	0.16666666666666666	0	0	0.0065107306486616836	0	0	0.021879021879021878	0	0.01	0.029850746268656712	0.06161137440758295	-1
0.01	0.007577174929840976	0.010175240248728094	0.010804321728691477	0	0	0	0	0	0	0.16666666666666666	0	0	0.0065107306486616836	0	0	0	0	0.01	0	0.06161137440758295	-1
0.01	0	0.010175240248728094	0	0.01	0.01	0.025125628140703515	0	0	0.01	0.16666666666666666	0	0	0	0.011516314779270637	0.04	0.021879021879021878	0	0.01	0	0.06161137440758295	-1
0.01	0.007577174929840976	0.010175240248728094	0.010804321728691477	0.01	0	0	0	0	0.01	0.16666666666666666	0.6515151515151515	0	0	0.011516314779270637	0	0	0	0.01	0.029850746268656712	0.06161137440758295	-1
0.01	0.007577174929840976	0	0.010804321728691477	0	0	0	0.030786773090079822	0	0.01	0	0	0	0	0	0	0	0	0	0.029850746268656712	0	-1
0.01	0	0	0	0.01	0.01	0.025125628140703515	0.030786773090079822	0	0	0.16666666666666666	0	0	0	0	0	0	0	0	0.029850746268656712	0.06161137440758295	-1
0.01	0.007577174929840976	0.010175240248728094	0.010804321728691477	0	0	0.025125628140703515	0.030786773090079822	0	0.01	0.16666666666666666	0	0	0.0065107306486616836	0	0.04	0.021879021879021878	0	0.01	0	0.06161137440758295	-1
0.01	0	0.010175240248728094	0.010804321728691477	0	0.01	0.025125628140703515	0.030786773090079822	0.011764705882352941	0.01	0.16666666666666666	0	0.013578274760383384	0.0065107306486616836	0	0.04	0.021879021879021878	0	0.01	0	0.06161137440758295	-1
0.01	0	0.010175240248728094	0.010804321728691477	0.01	0.01	0	0	0.011764705882352941	0.01	0.16666666666666666	0.6515151515151515	0	0.0065107306486616836	0	0	0	0.0667976424361493	0.01	0.029850746268656712	0.06161137440758295	-1
0.01	0.007577174929840976	0.010175240248728094	0.010804321728691477	0.01	0	0.025125628140703515	0	0.011764705882352941	0.01	0	0	0	0	0	0	0	0	0	0.029850746268656712	0.06161137440758295	-1
0.01	0	0.010175240248728094	0.010804321728691477	0	0	0	0.030786773090079822	0.011764705882352941	0.01	0	0	0	0	0	0.04	0	0	0	0	0.06161137440758295	-1
0.01	0	0.010175240248728094	0.010804321728691477	0	0	0.025125628140703515	0.030786773090079822	0	0.01	0	0	0.013578274760383384	0.0065107306486616836	0.011516314779270637	0.04	0	0.0667976424361493	0.01	0	0	-1
0.01	0	0	0	0.01	0.01	0.025125628140703515	0	0	0.01	0	0	0	0	0.011516314779270637	0	0	0	0.01	0.029850746268656712	0.06161137440758295	-1
0.01	0.007577174929840976	0.010175240248728094	0	0	0	0.025125628140703515	0.030786773090079822	0	0.01	0	0	0	0.0065107306486616836	0	0	0.021879021879021878	0	0.01	0.029850746268656712	0.06161137440758295	-1
0.01	0	0	0	0.01	0.01	0.025125628140703515	0.030786773090079822	0	0	0.16666666666666666	0	0	0	0	0	0	0	0	0.029850746268656712	0.06161137440758295	-1
0.01	0	0	0	0	0	0	0.030786773090079822	0	0.01	0.16666666666666666	0.6515151515151515	0	0.0065107306486616836	0	0	0.021879021879021878	0	0	0.029850746268656712	0.06161137440758295	-1
0.01	0.007577174929840976	0.010175240248728094	0.010804321728691477	0	0	0.025125628140703515	0	0.011764705882352941	0.01	0	0.6515151515151515	0.013578274760383384	0	0.011516314779270637	0	0	0	0.01	0.029850746268656712	0.06161137440758295	-1
0.01	0	0.010175240248728094	0.010804321728691477	0.01	0	0	0.030786773090079822	0.011764705882352941	0.01	0.16666666666666666	0.6515151515151515	0.013578274760383384	0	0.011516314779270637	0	0	0	0.01	0	0.06161137440758295	-1
0.01	0.007577174929840976	0	0	0	0	0.025125628140703515	0	0	0.01	0	0	0	0	0.011516314779270637	0.04	0	0	0.01	0.029850746268656712	0.06161137440758295	-1
0.01	0.007577174929840976	0	0	0	0	0.025125628140703515	0.030786773090079822	0.011764705882352941	0	0	0.6515151515151515	0	0	0	0	0.021879021879021878	0	0.01	0.029850746268656712	0.06161137440758295	-1
0.01	0	0.010175240248728094	0	0	0.01	0	0	0	0.01	0.16666666666666666	0	0	0.0065107306486616836	0.011516314779270637	0	0	0	0.01	0	0.06161137440758295	-1
0.01	0	0.010175240248728094	0	0	0.01	0.025125628140703515	0.030786773090079822	0	0	0	0	0.013578274760383384	0.0065107306486616836	0.011516314779270637	0.04	0	0.0667976424361493	0	0	0.06161137440758295	-1
0.01	0.007577174929840976	0	0.010804321728691477	0.01	0.01	0.025125628140703515	0.030786773090079822	0	0.01	0	0	0	0.0065107306486616836	0	0.04	0.021879021879021878	0.0667976424361493	0.01	0.029850746268656712	0.06161137440758295	-1
0.01	0	0	0.010804321728691477	0.01	0.01	0.025125628140703515	0	0	0.01	0	0	0	0	0.011516314779270637	0	0.021879021879021878	0	0	0.029850746268656712	0.06161137440758295	-1
0.01	0.007577174929840976	0	0.010804321728691477	0.01	0.01	0.025125628140703515	0.030786773090079822	0	0.01	0	0	0	0.0065107306486616836	0.011516314779270637	0.04	0	0	0.01	0.029850746268656712	0.06161137440758295	-1
0.01	0.007577174929840976	0	0.010804321728691477	0	0	0.025125628140703515	0	0	0.01	0	0	0.013578274760383384	0	0	0	0	0	0.01	0	0	-1
0.01	0.007577174929840976	0.010175240248728094	0.010804321728691477	0	0.01	0	0	0	0.01	0.16666666666666666	0.6515151515151515	0.013578274760383384	0.0065107306486616836	0	0	0	0	0	0.029850746268656712	0.06161137440758295	-1
0.01	0	0.010175240248728094	0.010804321728691477	0	0	0.025125628140703515	0.030786773090079822	0	0.01	0	0	0	0.0065107306486616836	0	0	0	0.0667976424361493	0	0	0.06161137440758295	-1
0.01	0	0.010175240248728094	0.010804321728691477	0	0.01	0	0.030786773090079822	0.011764705882352941	0.01	0.16666666666666666	0.6515151515151515	0.013578274760383384	0.0065107306486616836	0.011516314779270637	0	0	0	0	0.029850746268656712	0.06161137440758295	-1
0.01	0	0.010175240248728094	0	0	0.01	0	0	0	0.01	0.16666666666666666	0	0.013578274760383384	0	0	0	0.021879021879021878	0.0667976424361493	0.01	0.029850746268656712	0	-1
0.01	0.007577174929840976	0	0.010804321728691477	0.01	0.01	0.025125628140703515	0.030786773090079822	0	0.01	0.16666666666666666	0.6515151515151515	0	0.0065107306486616836	0.011516314779270637	0	0	0	0.01	0	0.06161137440758295	-1
0.01	0	0	0	0	0	0	0.030786773090079822	0.011764705882352941	0.01	0.16666666666666666	0.6515151515151515	0	0.0065107306486616836	0	0	0	0	0	0.029850746268656712	0.06161137440758295	-1
0.01	0	0.010175240248728094	0.010804321728691477	0	0.01	0.025125628140703515	0.030786773090079822	0.011764705882352941	0.01	0.16666666666666666	0	0.013578274760383384	0.0065107306486616836	0	0	0.021879021879021878	0.0667976424361493	0	0	0.06161137440758295	-1
0.01	0	0.010175240248728094	0	0	0.01	0	0	0	0.01	0.16666666666666666	0	0	0	0.011516314779270637	0.04	0	0	0.01	0.029850746268656712	0.06161137440758295	-1
0.01	0.007577174929840976	0.010175240248728094	0.010804321728691477	0	0.01	0	0.030786773090079822	0.011764705882352941	0.01	0.16666666666666666	0.6515151515151515	0	0	0.011516314779270637	0	0.021879021879021878	0	0.01	0	0.06161137440758295	-1
0.01	0.007577174929840976	0	0	0	0	0.025125628140703515	0	0	0.01	0	0	0	0.0065107306486616836	0.011516314779270637	0	0	0	0	0	0	-1
0.01	0	0.010175240248728094	0	0	0	0.025125628140703515	0	0	0.01	0.16666666666666666	0.6515151515151515	0	0	0	0	0.021879021879021878	0	0.01	0.029850746268656712	0.06161137440758295	-1
0.01	0	0.010175240248728094	0.010804321728691477	0	0	0	0.030786773090079822	0.011764705882352941	0.01	0	0	0	0	0	0.04	0	0	0	0	0.06161137440758295	-1
0.01	0	0.010175240248728094	0	0	0.01	0	0	0	0.01	0	0	0	0	0.011516314779270637	0	0	0.0667976424361493	0.01	0	0	-1
0.01	0	0	0.010804321728691477	0.01	0	0	0	0	0.01	0.16666666666666666	0	0	0	0	0	0	0.0667976424361493	0.01	0.029850746268656712	0	-1
0.01	0	0	0	0	0.01	0	0.030786773090079822	0.011764705882352941	0.01	0	0.6515151515151515	0	0	0	0	0	0	0.01	0.029850746268656712	0.06161137440758295	-1
0.01	0	0.010175240248728094	0	0	0.01	0	0.030786773090079822	0	0.01	0	0	0.013578274760383384	0	0.011516314779270637	0	0	0.0667976424361493	0	0.029850746268656712	0.06161137440758295	-1
0.01	0	0	0.010804321728691477	0	0.01	0.025125628140703515	0	0.011764705882352941	0	0.16666666666666666	0	0	0	0	0	0	0	0.01	0	0.06161137440758295	-1
0.01	0	0.010175240248728094	0	0	0	0.025125628140703515	0.030786773090079822	0	0	0	0	0	0.0065107306486616836	0.011516314779270637	0.04	0.021879021879021878	0	0.01	0.029850746268656712	0.06161137440758295	-1
0.01	0.007577174929840976	0	0.010804321728691477	0	0.01	0	0.030786773090079822	0	0.01	0.16666666666666666	0	0	0.0065107306486616836	0	0	0	0	0	0	0.06161137440758295	-1
0.01	0.007577174929840976	0.010175240248728094	0.010804321728691477	0	0	0	0	0	0	0	0.6515151515151515	0	0.0065107306486616836	0.011516314779270637	0	0	0	0.01	0.029850746268656712	0.06161137440758295	-1
0.01	0.007577174929840976	0	0.010804321728691477	0.01	0.01	0.025125628140703515	0.030786773090079822	0	0.01	0.16666666666666666	0.6515151515151515	0	0.0065107306486616836	0.011516314779270637	0	0	0	0.01	0	0.06161137440758295	-1
0.01	0	0	0	0	0	0	0.030786773090079822	0.011764705882352941	0.01	0	0	0	0.0065107306486616836	0	0.04	0	0	0	0	0.06161137440758295	-1
0.01	0.007577174929840976	0.010175240248728094	0	0	0	0	0	0.011764705882352941	0	0	0	0.013578274760383384	0	0	0	0	0	0.01	0.029850746268656712	0	-1
