0.01	0	0	0	0	0	0	0	0	0	0.01	0	0	0	0	0	0	0	0	1
0.01	0	0	0.01	0	0	0	0	0	0	0	0	0	0.01	0	0	0	0	0	1
0.01	0	0	0	0	0	0	0	0	0	0	0	0	0	0	0	0	0	0	1
0.01	0	0	0.01	0	0	0	0	0	0	0.01	0	0	0	0	0	0	0.01	0	1
0.01	0	0	0	0	0	0	0	0	0	0	0	0	0.01	0	0	0	0	0	1
0.01	0	0	0	0	0	0	0	0	0	0.01	0	0	0.01	0	0	0	0	0	1
0.01	0	0	0	0	0	0	0	0	0	0.01	0	0	0	0	0	0	0	0.01	1
0.01	0	0	0	0	0	0	0	0	0	0	0	0.01	0	0	0	0	0	0	1
0.01	0	0	0	0	0	0	0	0	0	0.01	0	0	0	0	0	0	0	0	1
0.01	0	0	0	0	0	0.01	0.2857142857142857	0	0	0.01	0	0	0	0	0	0	0	0	1
0.01	0	0	0	0	0	0	0	0.01	0	0.01	0	0	0.01	0	0	0	0.01	0	1
0.01	0	0	0	0	0	0	0	0	0	0	0	0	0	0	0	0	0	0	1
0.01	0	0	0.01	0.01	0	0	0	0	0.08333333333333333	0.01	0.07692307692307691	0	0	0	0	0	0	0.01	1
0.01	0	0	0	0	0	0	0	0	0	0	0	0.01	0	0	0	0	0.01	0	1
0.01	0	0	0	0.01	0	0	0	0	0	0	0	0.01	0	0	0	0	0	0	1
0.01	0	1.0	0.01	0.01	0	0.01	0	0	0	0.01	0	0	0	0	0	0	0	0	1
0.01	0	0	0.01	0.01	1.0	0	0.2857142857142857	0.01	0	0.01	0	0	0	0.01	0	0	0	0	1
0.01	0	0	0	0	0	0	0	0.01	0	0	0	0	0	0	0	0	0.01	0	1
0.01	0	0	0	0	0	0.01	0	0	0	0	0	0	0	0	0	0	0	0	1
0.01	0	0	0.01	0	0	0	0	0	0	0	0	0	0	0.01	0	0	0	0	1
0.01	0	0	0.01	0	0	0	0	0	0	0	0	0	0	0	0	0	0	0	1
0.01	0	0	0.01	0	0	0	0	0	0	0	0	0	0	0	0	0	0	0	1
0.01	0	0	0	0	0	0	0	0	0	0.01	0	0	0	0	0	0	0	0	1
0.01	0	0	0	0	0	0	0	0	0	0.01	0	0	0	0	0	0	0	0	1
0.01	0	0	0	0	0	0	0	0	0	0	0	0	0	0	0	0	0	0	1
0.01	0	0	0	0	0	0	0	0	0	0.01	0	0	0	0	0	0	0	0	1
0.01	0	0	0	0	0	0	0	0	0	0	0	0	0	0	0	0	0	0	1
0.01	0	0	0	0	0	0	0	0	0	0	0	0	0	0	0	0	0	0.01	1
0.01	0	0	0	0	0	0	0	0	0	0	0	0	0.01	0.01	0	0	0	0	1
0.01	0	0	0	0	0	0	0	0.01	0	0	0	0.01	0	0	0	0	0	0	1
0.01	0.0058823529411764705	0	0.01	0	0	0	0	0	0	0	0	0.01	0	0	0	0	0	0.01	1
0.01	0	0	0	0	0	0	0	0	0	0	0	0	0	0	0	0	0	0.01	1
0.01	0.0058823529411764705	0	0	0	0	0	0	0	0.08333333333333333	0	0	0	0	0.01	0	0	0	0	1
0.01	0	0	0	0	0	0	0	0	0	0	0	0	0	0	0	0	0	0	1
0.01	0	0	0	0	0	0	0.2857142857142857	0	0	0	0	0	0	0	0	0.01	0	0.01	1
0.01	0.0058823529411764705	1.0	0.01	0	0	0	0	0	0	0	0.07692307692307691	0	0.01	0	0	0	0	0.01	1
0.01	0	0	0	0	0	0	0	0	0	0	0	0	0	0	0	0	0	0	1
0.01	0	0	0.01	0.01	1.0	0.01	0	0	0	0	0	0	0.01	0	0	0	0.01	0	1
0.01	0	0	0	0	0	0	0	0.01	0	0	0	0	0	0	0	0	0	0	1
0.01	0	0	0.01	0.01	1.0	0.01	0	0	0	0	0	0.01	0	0	1.0	0	0	0	1
0.01	0	0	0	0	0	0	0	0.01	0	0	0	0	0	0	0	0	0	0	1
0.01	0	0	0	0.01	0	0	0	0	0	0	0	0.01	0	0	0	0	0	0	1
0.01	0	0	0	0.01	0	0	0	0	0	0	0	0	0	0	0	0	0	0	1
0.01	0	0	0.01	0	0	0	0	0	0	0.01	0	0	0	0	0	0	0	0	1
0.01	0	0	0	0	0	0	0	0	0	0	0	0.01	0	0	0	0	0	0	1
0.01	0	0	0	0	0	0	0	0	0	0	0	0	0.01	0	0	0	0	0	1
0.01	0	0	0	0	0	0	0	0	0	0.01	0	0	0	0	0	0	0	0	1
0.01	0	1.0	0	0.01	0	0	0	0.01	0	0	0	0	0	0	0	0	0	0	1
0.01	0	0	0	0	0	0	0	0	0	0.01	0	0	0	0	0	0	0	0	1
0.01	0	0	0	0	0	0.01	0	0	0	0	0	0	0	0	0	0	0.01	0	1
0.01	0.0058823529411764705	0	0	0	1.0	0.01	0	0	0.08333333333333333	0	0.07692307692307691	0	0	0	1.0	0.01	0.01	0.01	-1
0.01	0.0058823529411764705	0	0	0	1.0	0.01	0	0	0.08333333333333333	0	0.07692307692307691	0	0	0	1.0	0.01	0.01	0.01	-1
0.01	0.0058823529411764705	0	0.01	0.01	1.0	0.01	0.2857142857142857	0.01	0	0	0.07692307692307691	0	0.01	0.01	0	0.01	0.01	0.01	-1
0.01	0	1.0	0.01	0.01	0	0	0	0	0	0.01	0.07692307692307691	0	0.01	0.01	0	0	0.01	0	-1
0.01	0.0058823529411764705	0	0.01	0.01	0	0.01	0	0.01	0.08333333333333333	0	0.07692307692307691	0	0	0.01	0	0	0	0	-1
0.01	0.0058823529411764705	1.0	0	0.01	0	0.01	0	0.01	0.08333333333333333	0	0.07692307692307691	0.01	0.01	0.01	0	0	0	0.01	-1
0.01	0.0058823529411764705	1.0	0.01	0.01	0	0.01	0.2857142857142857	0.01	0.08333333333333333	0	0	0	0.01	0.01	0	0	0.01	0.01	-1
0.01	0.0058823529411764705	0	0.01	0.01	0	0.01	0	0.01	0.08333333333333333	0	0.07692307692307691	0	0	0.01	0	0	0	0	-1
0.01	0.0058823529411764705	0	0.01	0.01	0	0.01	0	0.01	0.08333333333333333	0	0.07692307692307691	0	0	0.01	0	0	0	0	-1
0.01	0	1.0	0.01	0.01	0	0.01	0	0.01	0	0	0.07692307692307691	0.01	0.01	0	1.0	0	0.01	0.01	-1
0.01	0.0058823529411764705	0	0.01	0.01	0	0.01	0	0.01	0.08333333333333333	0	0.07692307692307691	0	0	0.01	0	0	0	0	-1
0.01	0.0058823529411764705	0	0.01	0.01	0	0.01	0	0.01	0.08333333333333333	0	0.07692307692307691	0	0	0.01	0	0	0	0	-1
0.01	0.0058823529411764705	0	0.01	0.01	0	0.01	0	0.01	0.08333333333333333	0	0.07692307692307691	0	0	0.01	0	0	0	0	-1
0.01	0	1.0	0.01	0.01	0	0	0	0.01	0	0	0	0	0.01	0	0	0.01	0.01	0.01	-1
0.01	0.0058823529411764705	0	0.01	0.01	0	0.01	0	0.01	0.08333333333333333	0	0.07692307692307691	0	0	0.01	0	0	0	0	-1
0.01	0.0058823529411764705	0	0	0	1.0	0.01	0	0	0.08333333333333333	0	0.07692307692307691	0	0	0	1.0	0.01	0.01	0.01	-1
0.01	0.0058823529411764705	0	0.01	0.01	0	0.01	0	0.01	0.08333333333333333	0	0.07692307692307691	0	0	0.01	0	0	0	0	-1
0.01	0.0058823529411764705	0	0.01	0.01	0	0.01	0	0.01	0.08333333333333333	0	0.07692307692307691	0	0	0.01	0	0	0	0	-1
0.01	0.0058823529411764705	0	0	0.01	1.0	0	0	0	0.08333333333333333	0	0	0	0.01	0	0	0	0	0	-1
0.01	0.0058823529411764705	0	0.01	0.01	1.0	0.01	0.2857142857142857	0.01	0	0	0.07692307692307691	0	0.01	0.01	0	0.01	0.01	0.01	-1
0.01	0.0058823529411764705	0	0	0	1.0	0.01	0	0	0.08333333333333333	0	0.07692307692307691	0	0	0	1.0	0.01	0.01	0.01	-1
0.01	0.0058823529411764705	0	0	0	1.0	0.01	0	0	0.08333333333333333	0	0.07692307692307691	0	0	0	1.0	0.01	0.01	0.01	-1
0.01	0.0058823529411764705	0	0	0	1.0	0.01	0	0	0.08333333333333333	0	0.07692307692307691	0	0	0	1.0	0.01	0.01	0.01	-1
0.01	0.0058823529411764705	0	0.01	0.01	0	0.01	0	0.01	0.08333333333333333	0	0.07692307692307691	0	0	0.01	0	0	0	0	-1
0.01	0.0058823529411764705	0	0	0	1.0	0.01	0	0	0.08333333333333333	0	0.07692307692307691	0	0	0	1.0	0.01	0.01	0.01	-1
0.01	0.0058823529411764705	0	0	0	1.0	0.01	0	0	0.08333333333333333	0	0.07692307692307691	0	0	0	1.0	0.01	0.01	0.01	-1
0.01	0.0058823529411764705	0	0.01	0.01	0	0.01	0	0.01	0.08333333333333333	0	0.07692307692307691	0	0	0.01	0	0	0	0	-1
0.01	0.0058823529411764705	0	0	0	1.0	0.01	0	0	0.08333333333333333	0	0.07692307692307691	0	0	0	1.0	0.01	0.01	0.01	-1
0.01	0.0058823529411764705	0	0.01	0.01	0	0.01	0	0.01	0.08333333333333333	0	0.07692307692307691	0	0	0.01	0	0	0	0	-1
0.01	0	0	0	0.01	1.0	0	0.2857142857142857	0	0	0.01	0	0.01	0	0	0	0.01	0.01	0	-1
0.01	0.0058823529411764705	0	0.01	0.01	0	0.01	0	0.01	0.08333333333333333	0	0.07692307692307691	0	0	0.01	0	0	0	0	-1
0.01	0.0058823529411764705	0	0	0	1.0	0.01	0	0	0.08333333333333333	0	0.07692307692307691	0	0	0	1.0	0.01	0.01	0.01	-1
0.01	0.0058823529411764705	0	0.01	0.01	1.0	0.01	0.2857142857142857	0.01	0	0	0.07692307692307691	0	0.01	0.01	0	0.01	0.01	0.01	-1
0.01	0	1.0	0.01	0.01	0	0	0	0.01	0	0.01	0.07692307692307691	0	0.01	0	0	0.01	0.01	0.01	-1
0.01	0.0058823529411764705	0	0	0	1.0	0.01	0	0	0.08333333333333333	0	0.07692307692307691	0	0	0	1.0	0.01	0.01	0.01	-1
0.01	0.0058823529411764705	0	0.01	0.01	0	0.01	0	0.01	0.08333333333333333	0	0.07692307692307691	0	0	0.01	0	0	0	0	-1
0.01	0.0058823529411764705	0	0.01	0.01	0	0.01	0	0.01	0.08333333333333333	0	0.07692307692307691	0	0	0.01	0	0	0	0	-1
0.01	0.0058823529411764705	0	0.01	0.01	0	0.01	0.2857142857142857	0.01	0.08333333333333333	0	0	0	0.01	0	0	0	0	0.01	-1
0.01	0.0058823529411764705	0	0.01	0.01	0	0.01	0	0.01	0.08333333333333333	0	0.07692307692307691	0	0	0.01	0	0	0	0	-1
0.01	0.0058823529411764705	0	0.01	0.01	0	0.01	0	0.01	0.08333333333333333	0	0.07692307692307691	0	0	0.01	0	0	0	0	-1
0.01	0.0058823529411764705	1.0	0.01	0.01	0	0.01	0	0	0.08333333333333333	0	0	0	0	0.01	0	0.01	0.01	0	-1
0.01	0.0058823529411764705	0	0.01	0	1.0	0.01	0.2857142857142857	0.01	0	0.01	0.07692307692307691	0	0	0	0	0.01	0	0.01	-1
0.01	0.0058823529411764705	0	0.01	0.01	0	0.01	0	0.01	0.08333333333333333	0	0.07692307692307691	0	0	0.01	0	0	0	0	-1
0.01	0.0058823529411764705	0	0.01	0.01	0	0.01	0	0.01	0.08333333333333333	0	0.07692307692307691	0	0	0.01	0	0	0	0	-1
0.01	0.0058823529411764705	0	0	0	1.0	0.01	0	0	0.08333333333333333	0	0.07692307692307691	0	0	0	1.0	0.01	0.01	0.01	-1
0.01	0.0058823529411764705	0	0.01	0.01	0	0.01	0	0.01	0.08333333333333333	0	0.07692307692307691	0	0	0.01	0	0	0	0	-1
0.01	0.0058823529411764705	0	0.01	0.01	0	0.01	0	0.01	0.08333333333333333	0	0.07692307692307691	0	0	0.01	0	0	0	0	-1
0.01	0.0058823529411764705	1.0	0.01	0.01	1.0	0	0	0.01	0.08333333333333333	0.01	0	0	0.01	0	0	0.01	0	0	-1
0.01	0.0058823529411764705	0	0.01	0.01	0	0.01	0	0.01	0.08333333333333333	0	0.07692307692307691	0	0	0.01	0	0	0	0	-1
0.01	0.0058823529411764705	0	0.01	0.01	0	0.01	0	0.01	0.08333333333333333	0	0.07692307692307691	0	0	0.01	0	0	0	0	-1
