0.01	0	0	0	0.01	0	0	0	0	0	0	0	0	0	0.01	0	0.01	1
0.01	0	0	0	0	0	0	0	0	0	0	0	0	0	0	0	0	1
0.01	0	0	0	0	0	0	0	0	0	0	0	0	0	0	0	0	1
0.01	0	0	0	0	0	0	0	0	0	0	0	0	0	0	0	0	1
0.01	0	0	0	0	0	0	0	0	0	0	0	0	0	0	0	0.01	1
0.01	0.027027027027027025	0.16666666666666666	0	0.01	0	0	0.01	0	0	0	0	0	0.07692307692307691	0	0	0	1
0.01	0	0	0	0	0	0	0	0	0	0	0	0	0	0	0	0	1
0.01	0.027027027027027025	0.16666666666666666	0.01	0	0	0	0	0	0	0	0	0	0	0.01	0	0	1
0.01	0	0.16666666666666666	0	0	0	0.01	0.01	0	0	0	0	0	0	0	0	0	1
0.01	0	0	0	0	0	0	0	0	0	0	0	0	0	0	0	0	1
0.01	0.027027027027027025	0.16666666666666666	0.01	0.01	0	0.01	0.01	0	1.0	0	0.6	0	0	0	0	0	1
0.01	0	0	0	0	0	0	0.01	0	0	0	0	0.01	0	0	0	0	1
0.01	0	0	0	0	0	0	0	0	0	0	0	0.01	0	0	0	0.01	1
0.01	0	0	0	0	0	0	0	0	0	0	0	0.01	0	0	0	0	1
0.01	0	0	0.01	0	0	0	0	0	0	0	0	0.01	0	0	0	0	1
0.01	0	0	0.01	0.01	0	0.01	0.01	0	0	0	0	0	0	0	1.0	0	1
0.01	0	0	0.01	0	0	0	0	0	0	0	0	0	0	0	0	0	1
0.01	0	0	0	0	0	0	0	0	0	0	0	0	0	0	0	0	1
0.01	0	0	0.01	0	0	0	0	0	0	0	0	0	0	0	0	0	1
0.01	0	0	0	0	0	0	0	0	0	0	0	0	0	0	0	0	1
0.01	0.027027027027027025	0.16666666666666666	0	0.01	0	0.01	0.01	0	0	0	0	0.01	0.07692307692307691	0.01	0	0	1
0.01	0.027027027027027025	0.16666666666666666	0.01	0	0	0.01	0	0	0	0	0	0.01	0	0	0	0.01	1
0.01	0	0	0	0	0	0	0	0	0	0	0	0	0	0	0	0	1
0.01	0	0	0	0	0	0	0	0	0	0	0	0	0	0	0	0	1
0.01	0	0	0.01	0.01	0	0	0	0	0	0	0	0	0	0.01	0	0	1
0.01	0	0	0	0	0	0	0	0	0	0	0	0.01	0	0	0	0.01	1
0.01	0	0	0	0.01	0	0	0	0	0	0	0	0	0	0	0	0.01	1
0.01	0	0	0	0	0	0	0	0	0	0	0	0	0	0	0	0	1
0.01	0	0	0	0	0	0	0	0	0	0	0	0	0	0	0	0	1
0.01	0	0	0	0	0	0	0	0	0	0	0	0	0	0.01	0	0.01	1
0.01	0	0	0	0	0	0	0	0	0	0	0	0	0	0.01	0	0	1
0.01	0	0.16666666666666666	0	0.01	0	0	0.01	0	0	0	0	0	0	0.01	0	0	1
0.01	0.027027027027027025	0	0.01	0.01	0	0	0.01	0	1.0	0	0	0.01	0	0.01	0	0	-1
0.01	0.027027027027027025	0	0.01	0.01	0	0	0.01	0	1.0	0	0	0.01	0	0.01	0	0	-1
0.01	0.027027027027027025	0	0.01	0.01	0	0.01	0.01	0	1.0	0	0	0.01	0	0.01	0	0	-1
0.01	0.027027027027027025	0	0.01	0.01	0	0.01	0.01	0	1.0	0	0	0.01	0	0.01	0	0	-1
0.01	0.027027027027027025	0	0.01	0.01	0	0	0.01	0	1.0	0	0	0.01	0	0.01	0	0	-1
0.01	0.027027027027027025	0	0.01	0.01	0	0	0.01	0	1.0	0	0	0.01	0	0.01	0	0	-1
0.01	0.027027027027027025	0	0.01	0.01	0	0	0.01	0	1.0	0	0	0.01	0	0.01	0	0	-1
0.01	0.027027027027027025	0	0.01	0.01	0	0	0.01	0	1.0	0	0	0.01	0	0.01	0	0	-1
0.01	0	0.16666666666666666	0.01	0.01	0	0.01	0.01	1.0	0	0	0	0	0	0.01	0	0.01	-1
0.01	0	0.16666666666666666	0.01	0.01	0	0.01	0.01	1.0	0	0	0	0	0	0.01	0	0.01	-1
0.01	0.027027027027027025	0	0.01	0.01	0	0.01	0.01	0	1.0	0	0	0.01	0	0.01	0	0	-1
0.01	0.027027027027027025	0.16666666666666666	0	0.01	0	0	0.01	0	0	0	0.6	0.01	0	0.01	0	0.01	-1
0.01	0.027027027027027025	0.16666666666666666	0	0.01	0	0	0.01	0	0	0	0.6	0.01	0	0.01	0	0.01	-1
0.01	0.027027027027027025	0	0.01	0.01	0	0	0.01	0	1.0	0	0	0.01	0	0.01	0	0	-1
0.01	0.027027027027027025	0	0.01	0.01	0	0	0.01	0	1.0	0	0	0.01	0	0.01	0	0	-1
0.01	0.027027027027027025	0	0.01	0	0.6	0.01	0.01	0	1.0	0	0.6	0.01	0	0.01	0	0	-1
0.01	0.027027027027027025	0	0.01	0.01	0	0.01	0.01	0	1.0	0	0	0.01	0	0.01	0	0	-1
0.01	0.027027027027027025	0	0.01	0	0.6	0.01	0.01	0	1.0	0	0.6	0.01	0	0.01	0	0	-1
0.01	0.027027027027027025	0	0.01	0.01	0	0	0.01	0	1.0	0	0	0.01	0	0.01	0	0	-1
0.01	0.027027027027027025	0	0.01	0.01	0	0	0.01	0	1.0	0	0	0.01	0	0.01	0	0	-1
0.01	0.027027027027027025	0.16666666666666666	0.01	0	0.6	0	0.01	1.0	1.0	0.8333333333333334	0	0.01	0	0.01	1.0	0.01	-1
0.01	0	0	0	0.01	0	0	0.01	0	1.0	0	0	0.01	0	0	0	0.01	-1
0.01	0.027027027027027025	0	0.01	0.01	0	0.01	0.01	0	1.0	0	0	0.01	0	0.01	0	0	-1
0.01	0.027027027027027025	0.16666666666666666	0.01	0	0.6	0	0.01	1.0	1.0	0.8333333333333334	0	0.01	0	0.01	1.0	0.01	-1
0.01	0.027027027027027025	0	0.01	0.01	0	0.01	0.01	0	1.0	0	0	0.01	0	0.01	0	0	-1
0.01	0	0	0.01	0.01	0	0	0.01	0	0	0	0	0.01	0	0.01	0	0.01	-1
0.01	0.027027027027027025	0	0.01	0.01	0	0.01	0.01	0	1.0	0	0	0.01	0	0.01	0	0	-1
0.01	0.027027027027027025	0	0.01	0.01	0	0.01	0.01	0	1.0	0	0	0.01	0	0.01	0	0	-1
0.01	0.027027027027027025	0	0.01	0.01	0	0	0.01	0	1.0	0	0	0.01	0	0.01	0	0	-1
0.01	0.027027027027027025	0	0.01	0.01	0	0	0.01	0	1.0	0	0	0.01	0	0.01	0	0	-1
0.01	0.027027027027027025	0	0.01	0.01	0	0.01	0.01	0	1.0	0	0	0.01	0	0.01	0	0	-1
0.01	0	0.16666666666666666	0.01	0	0	0	0.01	0	1.0	0	0	0.01	0	0	0	0.01	-1
