0.01	0	0.10445114381982622	0.06914893617021277	0	0	0	0	0	0	0	0.13621794871794873	0	0	0	0.12897822445561138	0.15	0.15624999999999997	0	0	1
0.01	0.24615384615384617	0	0	0	0	0	0	0.24437299035369775	0	0	0	0.16666666666666666	0.12800300300300302	0	0.12897822445561138	0	0	0	0	1
0.01	0.24615384615384617	0.10445114381982622	0.06914893617021277	0.07174887892376682	0.14921780986762936	0	0	0	0.12060301507537688	0.16216216216216214	0.13621794871794873	0	0	0.199288256227758	0.12897822445561138	0.15	0.15624999999999997	0.11864406779661017	0	1
0.01	0	0	0	0	0	0	0	0	0.12060301507537688	0.16216216216216214	0	0	0.12800300300300302	0	0	0.15	0	0	0	1
0.01	0	0	0	0	0	0	0	0.24437299035369775	0	0	0	0	0	0	0.12897822445561138	0	0	0	0	1
0.01	0.24615384615384617	0.10445114381982622	0.06914893617021277	0	0	0	0	0	0	0	0	0	0	0	0	0	0	0.11864406779661017	0	1
0.01	0.24615384615384617	0	0	0	0.14921780986762936	0.13366336633663367	0.17520215633423178	0.24437299035369775	0	0	0	0	0.12800300300300302	0	0	0	0.15624999999999997	0.11864406779661017	0.25161290322580643	1
0.01	0	0.10445114381982622	0	0	0	0.13366336633663367	0	0	0	0	0	0	0	0	0	0.15	0.15624999999999997	0	0	1
0.01	0.24615384615384617	0.10445114381982622	0	0	0.14921780986762936	0.13366336633663367	0.17520215633423178	0.24437299035369775	0	0	0	0	0	0	0	0.15	0.15624999999999997	0	0	1
0.01	0	0.10445114381982622	0.06914893617021277	0.07174887892376682	0.14921780986762936	0	0	0	0	0	0	0	0.12800300300300302	0.199288256227758	0	0	0	0	0	1
0.01	0.24615384615384617	0.10445114381982622	0	0.07174887892376682	0.14921780986762936	0.13366336633663367	0	0.24437299035369775	0	0	0	0	0.12800300300300302	0	0	0	0	0	0	1
0.01	0.24615384615384617	0.10445114381982622	0	0	0	0	0	0	0	0	0	0	0	0	0	0	0	0	0	1
0.01	0.24615384615384617	0.10445114381982622	0	0	0	0	0	0	0	0	0	0	0	0	0	0	0	0	0	1
0.01	0.24615384615384617	0.10445114381982622	0	0.07174887892376682	0	0	0	0	0	0	0	0.16666666666666666	0	0	0	0	0	0	0	1
0.01	0	0.10445114381982622	0	0	0.14921780986762936	0.13366336633663367	0	0	0	0	0	0	0	0	0	0	0	0	0.25161290322580643	1
0.01	0.24615384615384617	0.10445114381982622	0.06914893617021277	0	0	0	0	0	0	0	0	0	0	0	0	0	0	0	0	1
0.01	0	0	0	0.07174887892376682	0	0.13366336633663367	0	0	0.12060301507537688	0	0	0.16666666666666666	0.12800300300300302	0.199288256227758	0.12897822445561138	0.15	0	0.11864406779661017	0	1
0.01	0.24615384615384617	0.10445114381982622	0	0	0.14921780986762936	0	0	0.24437299035369775	0	0	0.13621794871794873	0	0	0	0	0.15	0	0	0	1
0.01	0.24615384615384617	0.10445114381982622	0.06914893617021277	0	0	0	0	0	0	0	0	0	0	0	0	0	0	0	0	1
0.01	0	0	0	0	0.14921780986762936	0.13366336633663367	0	0	0.12060301507537688	0.16216216216216214	0	0	0.12800300300300302	0	0	0	0	0.11864406779661017	0.25161290322580643	1
0.01	0	0	0	0	0	0	0	0	0	0	0	0.16666666666666666	0	0	0.12897822445561138	0	0	0	0	1
0.01	0.24615384615384617	0	0	0	0	0	0	0	0	0	0	0	0	0.199288256227758	0	0	0	0	0	1
0.01	0	0.10445114381982622	0	0	0	0	0	0.24437299035369775	0	0.16216216216216214	0.13621794871794873	0.16666666666666666	0	0	0	0	0	0	0	1
0.01	0	0.10445114381982622	0	0	0	0.13366336633663367	0.17520215633423178	0.24437299035369775	0.12060301507537688	0	0	0.16666666666666666	0	0.199288256227758	0.12897822445561138	0.15	0	0.11864406779661017	0	1
0.01	0.24615384615384617	0.10445114381982622	0	0	0	0	0	0	0.12060301507537688	0	0	0	0.12800300300300302	0	0.12897822445561138	0	0	0	0	1
0.01	0	0	0	0	0	0	0	0	0	0	0	0	0.12800300300300302	0	0.12897822445561138	0	0	0	0	1
0.01	0	0.10445114381982622	0	0	0	0	0	0.24437299035369775	0	0	0	0.16666666666666666	0	0	0.12897822445561138	0	0	0	0	1
0.01	0.24615384615384617	0.10445114381982622	0	0	0	0	0	0	0.12060301507537688	0	0	0.16666666666666666	0.12800300300300302	0	0	0	0	0	0	1
0.01	0	0	0	0	0.14921780986762936	0.13366336633663367	0	0	0	0.16216216216216214	0.13621794871794873	0	0	0	0.12897822445561138	0.15	0.15624999999999997	0	0	1
0.01	0	0	0	0	0	0	0.17520215633423178	0.24437299035369775	0.12060301507537688	0.16216216216216214	0	0	0	0	0	0	0	0	0	1
0.01	0.24615384615384617	0.10445114381982622	0	0	0	0	0	0	0	0	0	0	0	0	0	0.15	0.15624999999999997	0	0	1
0.01	0.24615384615384617	0.10445114381982622	0	0	0	0	0	0.24437299035369775	0	0	0.13621794871794873	0.16666666666666666	0.12800300300300302	0	0	0	0.15624999999999997	0	0	1
0.01	0.24615384615384617	0.10445114381982622	0	0	0	0	0	0	0	0	0	0	0	0	0	0	0	0	0	1
0.01	0	0	0	0	0.14921780986762936	0.13366336633663367	0.17520215633423178	0	0	0	0.13621794871794873	0	0	0	0	0	0	0	0.25161290322580643	1
0.01	0.24615384615384617	0.10445114381982622	0	0	0.14921780986762936	0.13366336633663367	0.17520215633423178	0.24437299035369775	0	0	0	0	0	0	0.12897822445561138	0	0	0	0	1
0.01	0	0.10445114381982622	0	0	0	0	0	0.24437299035369775	0.12060301507537688	0	0.13621794871794873	0	0	0	0	0	0	0	0	1
0.01	0.24615384615384617	0.10445114381982622	0	0.07174887892376682	0	0	0	0	0	0	0	0	0.12800300300300302	0	0	0	0	0.11864406779661017	0	1
0.01	0.24615384615384617	0.10445114381982622	0	0	0	0	0	0	0	0	0	0	0	0	0.12897822445561138	0	0.15624999999999997	0.11864406779661017	0.25161290322580643	1
0.01	0	0.10445114381982622	0	0	0	0	0.17520215633423178	0	0	0	0.13621794871794873	0	0	0.199288256227758	0.12897822445561138	0	0	0	0	1
0.01	0	0	0	0	0	0	0	0.24437299035369775	0.12060301507537688	0.16216216216216214	0	0	0	0	0.12897822445561138	0.15	0	0	0	1
0.01	0.24615384615384617	0	0	0	0	0	0.17520215633423178	0	0	0.16216216216216214	0	0	0	0.199288256227758	0.12897822445561138	0	0.15624999999999997	0	0	1
0.01	0.24615384615384617	0.10445114381982622	0	0	0	0.13366336633663367	0	0.24437299035369775	0	0.16216216216216214	0.13621794871794873	0.16666666666666666	0.12800300300300302	0	0	0	0.15624999999999997	0.11864406779661017	0	1
0.01	0	0	0	0	0	0	0	0	0	0	0	0	0	0	0	0	0	0	0	1
0.01	0	0.10445114381982622	0	0	0	0.13366336633663367	0	0.24437299035369775	0	0.16216216216216214	0	0.16666666666666666	0.12800300300300302	0.199288256227758	0	0	0.15624999999999997	0.11864406779661017	0	1
0.01	0	0	0	0	0	0	0	0.24437299035369775	0	0	0	0.16666666666666666	0.12800300300300302	0	0	0	0	0	0	1
0.01	0.24615384615384617	0	0	0	0.14921780986762936	0	0.17520215633423178	0	0	0.16216216216216214	0.13621794871794873	0.16666666666666666	0.12800300300300302	0	0	0	0	0	0	1
0.01	0	0	0	0	0	0	0	0	0.12060301507537688	0	0	0	0.12800300300300302	0.199288256227758	0	0	0	0	0	1
0.01	0	0	0	0	0	0	0	0	0.12060301507537688	0	0	0	0	0	0	0	0	0	0	1
0.01	0.24615384615384617	0.10445114381982622	0	0	0	0	0	0	0.12060301507537688	0	0	0	0.12800300300300302	0	0	0	0	0	0	1
0.01	0	0	0	0	0	0	0	0	0	0	0	0	0	0	0.12897822445561138	0	0	0	0	1
0.01	0.24615384615384617	0.10445114381982622	0	0	0	0	0	0	0	0	0	0	0	0	0	0	0	0	0	1
0.01	0.24615384615384617	0.10445114381982622	0	0	0	0	0	0	0	0	0	0	0	0.199288256227758	0	0	0	0	0	1
0.01	0.24615384615384617	0.10445114381982622	0	0	0	0	0	0	0	0	0	0	0	0	0	0	0	0	0	1
0.01	0.24615384615384617	0	0	0	0	0	0	0	0.12060301507537688	0	0	0.16666666666666666	0.12800300300300302	0	0	0	0	0.11864406779661017	0	1
0.01	0.24615384615384617	0	0	0	0.14921780986762936	0	0	0	0	0.16216216216216214	0	0	0	0.199288256227758	0	0	0	0	0	1
0.01	0	0	0	0	0	0	0	0	0	0.16216216216216214	0	0	0.12800300300300302	0	0	0	0	0	0	1
0.01	0	0.10445114381982622	0.06914893617021277	0	0.14921780986762936	0.13366336633663367	0	0.24437299035369775	0	0.16216216216216214	0.13621794871794873	0.16666666666666666	0.12800300300300302	0.199288256227758	0.12897822445561138	0	0.15624999999999997	0	0	1
0.01	0.24615384615384617	0.10445114381982622	0.06914893617021277	0.07174887892376682	0.14921780986762936	0	0	0	0.12060301507537688	0.16216216216216214	0.13621794871794873	0	0	0.199288256227758	0.12897822445561138	0.15	0.15624999999999997	0.11864406779661017	0	1
0.01	0	0.10445114381982622	0	0	0	0	0	0	0	0	0	0	0	0	0.12897822445561138	0	0	0.11864406779661017	0	1
0.01	0.24615384615384617	0.10445114381982622	0.06914893617021277	0.07174887892376682	0.14921780986762936	0	0.17520215633423178	0	0	0	0	0	0	0.199288256227758	0	0	0	0	0	1
0.01	0	0	0	0	0	0	0	0	0	0	0	0.16666666666666666	0	0	0.12897822445561138	0	0	0	0	1
0.01	0.24615384615384617	0.10445114381982622	0.06914893617021277	0	0	0	0	0.24437299035369775	0.12060301507537688	0	0.13621794871794873	0.16666666666666666	0	0.199288256227758	0.12897822445561138	0	0	0.11864406779661017	0	1
0.01	0	0	0	0	0.14921780986762936	0	0	0	0.12060301507537688	0	0	0	0.12800300300300302	0.199288256227758	0.12897822445561138	0	0	0	0	1
0.01	0	0	0.06914893617021277	0	0	0	0.17520215633423178	0.24437299035369775	0.12060301507537688	0.16216216216216214	0.13621794871794873	0.16666666666666666	0.12800300300300302	0	0.12897822445561138	0	0	0	0	1
0.01	0.24615384615384617	0.10445114381982622	0	0	0	0	0	0	0	0.16216216216216214	0	0	0	0	0	0	0.15624999999999997	0.11864406779661017	0.25161290322580643	1
0.01	0	0	0	0	0	0	0.17520215633423178	0.24437299035369775	0	0	0	0	0	0	0	0	0	0	0.25161290322580643	1
0.01	0	0	0	0	0	0	0	0	0	0	0	0	0	0	0	0	0	0	0	1
0.01	0	0	0	0	0	0	0	0	0	0.16216216216216214	0	0	0.12800300300300302	0	0	0	0	0	0	1
0.01	0.24615384615384617	0.10445114381982622	0	0	0	0	0	0	0	0.16216216216216214	0	0	0	0	0	0	0	0	0	1
0.01	0.24615384615384617	0.10445114381982622	0	0	0	0.13366336633663367	0	0	0.12060301507537688	0	0	0	0	0	0	0	0	0	0	1
0.01	0.24615384615384617	0.10445114381982622	0	0	0	0	0	0.24437299035369775	0.12060301507537688	0	0	0	0	0	0	0	0.15624999999999997	0	0	1
0.01	0	0	0.06914893617021277	0.07174887892376682	0.14921780986762936	0.13366336633663367	0	0	0.12060301507537688	0.16216216216216214	0	0.16666666666666666	0.12800300300300302	0.199288256227758	0.12897822445561138	0	0	0	0.25161290322580643	1
0.01	0	0	0	0.07174887892376682	0.14921780986762936	0	0	0	0	0	0	0	0	0.199288256227758	0	0	0	0	0	1
0.01	0.24615384615384617	0	0	0	0	0	0	0.24437299035369775	0.12060301507537688	0	0	0	0	0	0.12897822445561138	0	0	0	0	1
0.01	0.24615384615384617	0.10445114381982622	0	0	0	0	0	0	0	0	0	0	0	0	0	0.15	0.15624999999999997	0	0	1
0.01	0	0	0	0	0.14921780986762936	0	0.17520215633423178	0.24437299035369775	0.12060301507537688	0	0	0	0	0	0.12897822445561138	0.15	0.15624999999999997	0.11864406779661017	0	1
0.01	0.24615384615384617	0.10445114381982622	0	0.07174887892376682	0	0	0	0.24437299035369775	0	0	0	0	0	0	0	0	0	0	0	1
0.01	0.24615384615384617	0.10445114381982622	0.06914893617021277	0	0	0	0	0	0.12060301507537688	0	0	0	0.12800300300300302	0	0.12897822445561138	0.15	0	0.11864406779661017	0	1
0.01	0	0	0	0	0	0	0	0	0.12060301507537688	0	0	0	0	0	0	0.15	0	0	0	1
0.01	0.24615384615384617	0.10445114381982622	0	0	0	0	0	0	0	0.16216216216216214	0	0	0	0	0	0	0	0	0	1
0.01	0	0.10445114381982622	0	0.07174887892376682	0.14921780986762936	0	0.17520215633423178	0.24437299035369775	0	0	0	0	0	0	0	0.15	0.15624999999999997	0	0.25161290322580643	1
0.01	0.24615384615384617	0.10445114381982622	0	0	0.14921780986762936	0.13366336633663367	0	0	0	0	0	0	0	0	0	0.15	0.15624999999999997	0	0	1
0.01	0.24615384615384617	0.10445114381982622	0	0	0	0	0	0	0	0.16216216216216214	0	0	0	0.199288256227758	0	0	0	0	0	1
0.01	0	0	0	0.07174887892376682	0	0.13366336633663367	0	0	0	0	0	0.16666666666666666	0	0	0	0	0	0	0	1
0.01	0.24615384615384617	0.10445114381982622	0	0	0	0	0	0	0.12060301507537688	0	0.13621794871794873	0	0	0	0.12897822445561138	0	0	0	0	1
0.01	0.24615384615384617	0.10445114381982622	0	0	0	0	0	0	0	0	0	0.16666666666666666	0	0	0.12897822445561138	0	0	0	0	1
0.01	0.24615384615384617	0.10445114381982622	0	0.07174887892376682	0	0	0	0	0	0	0	0	0	0.199288256227758	0	0	0	0	0	1
0.01	0.24615384615384617	0.10445114381982622	0	0	0.14921780986762936	0	0	0	0	0	0.13621794871794873	0.16666666666666666	0	0	0	0	0	0	0.25161290322580643	1
0.01	0.24615384615384617	0.10445114381982622	0.06914893617021277	0	0	0	0	0	0	0	0	0	0.12800300300300302	0.199288256227758	0	0	0	0	0	1
0.01	0.24615384615384617	0.10445114381982622	0	0.07174887892376682	0	0	0	0	0	0	0	0	0	0	0	0	0	0.11864406779661017	0	1
0.01	0.24615384615384617	0.10445114381982622	0	0.07174887892376682	0	0	0	0	0	0	0	0	0	0.199288256227758	0	0	0	0.11864406779661017	0	1
0.01	0.24615384615384617	0.10445114381982622	0	0	0	0	0.17520215633423178	0	0.12060301507537688	0	0	0	0	0	0.12897822445561138	0.15	0	0.11864406779661017	0	1
0.01	0.24615384615384617	0.10445114381982622	0	0	0.14921780986762936	0.13366336633663367	0	0	0	0	0	0.16666666666666666	0.12800300300300302	0	0.12897822445561138	0	0.15624999999999997	0	0	1
0.01	0.24615384615384617	0.10445114381982622	0	0	0	0	0.17520215633423178	0	0	0	0	0	0	0	0	0	0	0	0	1
0.01	0.24615384615384617	0	0	0	0	0	0.17520215633423178	0	0.12060301507537688	0	0	0	0	0	0.12897822445561138	0.15	0.15624999999999997	0	0	1
0.01	0.24615384615384617	0.10445114381982622	0.06914893617021277	0	0	0	0	0	0	0	0	0	0.12800300300300302	0	0	0	0	0	0	1
0.01	0.24615384615384617	0.10445114381982622	0	0.07174887892376682	0	0	0	0	0	0	0	0	0	0	0	0	0	0	0	1
0.01	0.24615384615384617	0.10445114381982622	0	0	0	0	0	0	0	0	0	0	0	0	0	0	0	0	0	1
0.01	0.24615384615384617	0.10445114381982622	0	0.07174887892376682	0	0	0	0	0	0	0	0	0	0	0	0	0	0	0	1
0.01	0.24615384615384617	0.10445114381982622	0	0	0	0	0	0	0	0	0	0	0	0	0	0	0	0	0	1
0.01	0.24615384615384617	0.10445114381982622	0	0	0	0	0	0	0	0	0	0.16666666666666666	0	0	0	0	0	0	0	1
0.01	0.24615384615384617	0.10445114381982622	0.06914893617021277	0.07174887892376682	0	0	0	0	0	0	0	0.16666666666666666	0	0	0.12897822445561138	0.15	0.15624999999999997	0.11864406779661017	0	1
0.01	0.24615384615384617	0.10445114381982622	0	0	0	0	0	0	0	0	0	0	0	0	0.12897822445561138	0	0	0	0	1
0.01	0.24615384615384617	0	0	0.07174887892376682	0	0	0	0.24437299035369775	0	0	0	0	0.12800300300300302	0	0	0	0	0	0	1
0.01	0.24615384615384617	0.10445114381982622	0	0	0	0	0	0	0	0	0	0	0	0.199288256227758	0	0	0	0.11864406779661017	0.25161290322580643	1
0.01	0	0	0	0	0	0	0	0	0	0	0	0	0	0.199288256227758	0.12897822445561138	0	0	0.11864406779661017	0.25161290322580643	1
0.01	0	0.10445114381982622	0	0	0	0	0	0	0	0	0	0	0	0	0	0	0	0	0	1
0.01	0.24615384615384617	0	0	0	0	0	0	0	0	0.16216216216216214	0	0.16666666666666666	0.12800300300300302	0.199288256227758	0	0	0	0.11864406779661017	0	1
0.01	0	0.10445114381982622	0	0	0	0	0	0.24437299035369775	0	0	0	0	0	0	0.12897822445561138	0.15	0	0	0	1
0.01	0.24615384615384617	0.10445114381982622	0.06914893617021277	0	0.14921780986762936	0	0	0	0	0	0.13621794871794873	0	0	0.199288256227758	0	0	0	0.11864406779661017	0	1
0.01	0	0	0.06914893617021277	0	0	0	0.17520215633423178	0.24437299035369775	0	0	0	0.16666666666666666	0	0.199288256227758	0.12897822445561138	0	0	0	0	1
0.01	0.24615384615384617	0.10445114381982622	0	0	0	0	0	0	0	0.16216216216216214	0	0	0.12800300300300302	0	0	0	0	0	0	1
0.01	0	0	0	0	0	0.13366336633663367	0	0	0	0	0	0.16666666666666666	0	0	0	0	0	0	0	1
0.01	0.24615384615384617	0.10445114381982622	0	0	0	0	0	0	0	0.16216216216216214	0	0	0	0.199288256227758	0	0	0	0	0	1
0.01	0.24615384615384617	0.10445114381982622	0	0	0	0	0	0	0	0	0	0	0	0	0	0	0	0	0	1
0.01	0	0	0	0	0.14921780986762936	0	0	0	0.12060301507537688	0	0	0	0	0.199288256227758	0	0	0.15624999999999997	0	0	1
0.01	0	0	0	0	0	0	0	0	0.12060301507537688	0	0.13621794871794873	0	0	0	0	0	0.15624999999999997	0	0	1
0.01	0.24615384615384617	0	0	0.07174887892376682	0	0	0.17520215633423178	0.24437299035369775	0	0	0	0	0	0	0.12897822445561138	0	0	0	0	1
0.01	0	0	0	0	0	0.13366336633663367	0.17520215633423178	0.24437299035369775	0.12060301507537688	0.16216216216216214	0.13621794871794873	0.16666666666666666	0.12800300300300302	0	0	0	0	0	0	1
0.01	0.24615384615384617	0.10445114381982622	0	0	0	0	0.17520215633423178	0	0	0	0.13621794871794873	0	0	0	0	0	0.15624999999999997	0.11864406779661017	0.25161290322580643	1
0.01	0	0	0.06914893617021277	0	0.14921780986762936	0	0	0	0	0.16216216216216214	0.13621794871794873	0.16666666666666666	0	0	0	0	0	0	0	1
0.01	0	0	0	0	0.14921780986762936	0	0	0.24437299035369775	0	0	0	0	0	0	0.12897822445561138	0.15	0.15624999999999997	0	0	1
0.01	0.24615384615384617	0.10445114381982622	0.06914893617021277	0	0	0	0	0	0	0	0	0	0	0	0	0	0	0	0	1
0.01	0.24615384615384617	0.10445114381982622	0	0	0	0.13366336633663367	0	0.24437299035369775	0	0	0	0	0	0	0	0	0	0	0	1
0.01	0.24615384615384617	0.10445114381982622	0	0	0	0	0	0.24437299035369775	0.12060301507537688	0.16216216216216214	0.13621794871794873	0	0	0	0.12897822445561138	0	0.15624999999999997	0	0	1
0.01	0.24615384615384617	0.10445114381982622	0	0	0	0	0	0	0	0	0	0	0	0	0	0	0	0	0	1
0.01	0.24615384615384617	0.10445114381982622	0.06914893617021277	0.07174887892376682	0	0	0	0	0	0	0	0	0	0	0.12897822445561138	0	0	0.11864406779661017	0	1
0.01	0.24615384615384617	0.10445114381982622	0	0	0	0	0	0	0	0	0	0	0	0	0	0	0	0	0	1
0.01	0	0	0	0	0	0	0	0	0.12060301507537688	0	0	0	0	0.199288256227758	0	0	0	0	0	1
0.01	0.24615384615384617	0.10445114381982622	0.06914893617021277	0	0	0	0	0	0.12060301507537688	0.16216216216216214	0	0.16666666666666666	0.12800300300300302	0.199288256227758	0.12897822445561138	0.15	0.15624999999999997	0	0.25161290322580643	1
0.01	0.24615384615384617	0.10445114381982622	0	0	0	0.13366336633663367	0	0.24437299035369775	0	0	0.13621794871794873	0	0	0	0	0	0	0	0	1
0.01	0.24615384615384617	0.10445114381982622	0.06914893617021277	0	0	0	0	0	0	0	0.13621794871794873	0.16666666666666666	0.12800300300300302	0	0	0	0	0	0	1
0.01	0.24615384615384617	0	0	0.07174887892376682	0.14921780986762936	0	0	0	0.12060301507537688	0	0.13621794871794873	0.16666666666666666	0.12800300300300302	0.199288256227758	0	0	0.15624999999999997	0	0	1
0.01	0.24615384615384617	0.10445114381982622	0	0	0	0	0	0	0	0	0	0	0	0	0	0	0	0	0	1
0.01	0	0	0	0	0	0	0	0	0	0	0	0	0.12800300300300302	0	0	0	0	0.11864406779661017	0	1
0.01	0	0.10445114381982622	0	0	0	0	0	0	0.12060301507537688	0	0	0.16666666666666666	0	0.199288256227758	0	0	0.15624999999999997	0.11864406779661017	0	1
0.01	0	0	0	0	0	0	0	0	0	0	0	0	0	0	0	0	0	0	0.25161290322580643	1
0.01	0.24615384615384617	0.10445114381982622	0	0	0.14921780986762936	0	0	0	0	0	0.13621794871794873	0	0	0	0	0	0	0.11864406779661017	0.25161290322580643	1
0.01	0	0.10445114381982622	0	0	0	0.13366336633663367	0	0	0	0	0	0	0	0.199288256227758	0	0	0	0	0	1
0.01	0	0	0	0	0.14921780986762936	0.13366336633663367	0.17520215633423178	0	0	0.16216216216216214	0	0.16666666666666666	0	0	0	0	0	0	0	1
0.01	0.24615384615384617	0.10445114381982622	0	0.07174887892376682	0	0	0.17520215633423178	0.24437299035369775	0	0.16216216216216214	0	0	0	0.199288256227758	0	0	0.15624999999999997	0	0	1
0.01	0	0	0	0	0	0	0	0.24437299035369775	0.12060301507537688	0	0	0	0	0	0	0	0	0	0	1
0.01	0.24615384615384617	0.10445114381982622	0	0	0	0.13366336633663367	0	0	0	0	0	0	0	0	0	0	0.15624999999999997	0	0	1
0.01	0	0	0	0	0	0.13366336633663367	0.17520215633423178	0.24437299035369775	0.12060301507537688	0	0	0	0	0	0	0.15	0	0	0	1
0.01	0.24615384615384617	0.10445114381982622	0	0	0	0	0	0	0	0	0	0.16666666666666666	0	0.199288256227758	0	0	0	0	0	1
0.01	0	0.10445114381982622	0	0.07174887892376682	0	0	0	0	0	0	0	0	0	0	0.12897822445561138	0	0	0	0	1
0.01	0.24615384615384617	0.10445114381982622	0	0	0	0	0	0	0	0	0	0	0	0	0	0	0	0	0	1
0.01	0.24615384615384617	0.10445114381982622	0	0.07174887892376682	0.14921780986762936	0	0	0	0.12060301507537688	0	0	0	0.12800300300300302	0.199288256227758	0.12897822445561138	0.15	0.15624999999999997	0	0	1
0.01	0.24615384615384617	0.10445114381982622	0	0	0	0.13366336633663367	0.17520215633423178	0	0	0.16216216216216214	0	0	0.12800300300300302	0.199288256227758	0	0	0.15624999999999997	0.11864406779661017	0	1
0.01	0.24615384615384617	0.10445114381982622	0.06914893617021277	0.07174887892376682	0.14921780986762936	0.13366336633663367	0	0	0	0	0	0	0.12800300300300302	0	0	0	0	0	0	1
0.01	0	0	0	0	0	0	0.17520215633423178	0	0	0	0	0.16666666666666666	0.12800300300300302	0.199288256227758	0.12897822445561138	0	0	0	0	1
0.01	0.24615384615384617	0.10445114381982622	0.06914893617021277	0.07174887892376682	0	0	0.17520215633423178	0	0	0	0	0	0	0	0	0	0.15624999999999997	0.11864406779661017	0	1
0.01	0.24615384615384617	0.10445114381982622	0.06914893617021277	0	0.14921780986762936	0	0	0	0	0	0	0	0	0	0.12897822445561138	0	0	0	0	1
0.01	0	0	0	0	0	0.13366336633663367	0.17520215633423178	0.24437299035369775	0	0	0	0	0.12800300300300302	0.199288256227758	0	0	0	0	0	1
0.01	0	0	0	0	0.14921780986762936	0	0	0	0	0	0.13621794871794873	0	0	0	0.12897822445561138	0.15	0.15624999999999997	0	0	1
0.01	0	0	0	0.07174887892376682	0.14921780986762936	0	0	0	0	0.16216216216216214	0	0	0.12800300300300302	0.199288256227758	0.12897822445561138	0	0	0	0	1
0.01	0	0	0	0.07174887892376682	0.14921780986762936	0.13366336633663367	0	0	0.12060301507537688	0.16216216216216214	0	0	0	0	0	0.15	0	0	0.25161290322580643	1
0.01	0	0.10445114381982622	0	0	0	0	0.17520215633423178	0.24437299035369775	0.12060301507537688	0.16216216216216214	0.13621794871794873	0.16666666666666666	0	0	0	0	0	0	0	1
0.01	0.24615384615384617	0.10445114381982622	0	0	0.14921780986762936	0.13366336633663367	0.17520215633423178	0.24437299035369775	0	0	0	0.16666666666666666	0	0	0	0	0	0	0	1
0.01	0.24615384615384617	0.10445114381982622	0.06914893617021277	0	0.14921780986762936	0	0.17520215633423178	0.24437299035369775	0	0.16216216216216214	0	0	0	0	0	0	0	0	0	1
0.01	0	0	0	0	0	0	0	0.24437299035369775	0.12060301507537688	0.16216216216216214	0	0	0	0.199288256227758	0.12897822445561138	0.15	0.15624999999999997	0	0	1
0.01	0.24615384615384617	0.10445114381982622	0.06914893617021277	0.07174887892376682	0	0	0	0	0	0	0.13621794871794873	0	0	0	0	0	0	0	0	1
0.01	0.24615384615384617	0.10445114381982622	0	0	0	0	0	0.24437299035369775	0	0.16216216216216214	0	0.16666666666666666	0	0	0	0	0	0	0	1
0.01	0.24615384615384617	0.10445114381982622	0.06914893617021277	0.07174887892376682	0	0	0.17520215633423178	0.24437299035369775	0	0.16216216216216214	0	0	0.12800300300300302	0	0.12897822445561138	0	0	0	0	1
0.01	0	0.10445114381982622	0	0.07174887892376682	0.14921780986762936	0	0	0	0.12060301507537688	0.16216216216216214	0.13621794871794873	0.16666666666666666	0	0	0	0	0	0.11864406779661017	0.25161290322580643	1
0.01	0	0.10445114381982622	0.06914893617021277	0.07174887892376682	0	0	0	0	0	0	0	0	0	0	0.12897822445561138	0	0	0.11864406779661017	0	1
0.01	0.24615384615384617	0	0	0	0	0	0	0.24437299035369775	0	0	0	0	0	0	0	0	0	0	0	1
0.01	0	0.10445114381982622	0	0	0	0	0	0.24437299035369775	0.12060301507537688	0	0.13621794871794873	0	0	0	0	0	0	0	0	1
0.01	0	0	0	0	0	0	0	0	0	0	0	0	0	0	0	0	0	0	0	1
0.01	0	0.10445114381982622	0	0	0	0	0	0	0	0	0	0.16666666666666666	0	0	0	0	0	0	0	1
0.01	0	0	0	0	0	0	0	0	0	0	0	0	0.12800300300300302	0	0.12897822445561138	0	0	0	0	1
0.01	0.24615384615384617	0.10445114381982622	0	0	0	0.13366336633663367	0	0.24437299035369775	0	0	0	0	0	0	0.12897822445561138	0	0	0	0	1
0.01	0.24615384615384617	0.10445114381982622	0.06914893617021277	0	0	0	0	0	0	0	0	0	0	0	0.12897822445561138	0	0	0	0	1
0.01	0	0.10445114381982622	0	0	0.14921780986762936	0	0	0	0	0	0.13621794871794873	0	0	0	0.12897822445561138	0	0	0	0	1
0.01	0.24615384615384617	0.10445114381982622	0.06914893617021277	0.07174887892376682	0.14921780986762936	0.13366336633663367	0	0	0.12060301507537688	0	0.13621794871794873	0	0.12800300300300302	0	0	0.15	0	0	0.25161290322580643	1
0.01	0.24615384615384617	0.10445114381982622	0	0	0	0.13366336633663367	0	0	0	0	0	0	0	0	0	0	0.15624999999999997	0	0	1
0.01	0.24615384615384617	0	0	0	0	0	0	0	0.12060301507537688	0	0	0	0.12800300300300302	0	0	0	0	0.11864406779661017	0	1
0.01	0	0	0	0	0.14921780986762936	0	0	0.24437299035369775	0	0	0	0	0	0	0.12897822445561138	0	0	0	0	1
0.01	0	0	0	0.07174887892376682	0	0.13366336633663367	0.17520215633423178	0.24437299035369775	0	0	0.13621794871794873	0	0	0	0.12897822445561138	0	0.15624999999999997	0	0	1
0.01	0.24615384615384617	0	0	0.07174887892376682	0	0	0	0.24437299035369775	0	0	0	0	0.12800300300300302	0.199288256227758	0.12897822445561138	0.15	0.15624999999999997	0.11864406779661017	0.25161290322580643	1
0.01	0.24615384615384617	0.10445114381982622	0.06914893617021277	0	0	0	0	0	0	0	0	0	0	0	0.12897822445561138	0	0	0	0	1
0.01	0.24615384615384617	0	0	0	0	0	0	0	0.12060301507537688	0	0	0	0	0.199288256227758	0	0	0	0	0	1
0.01	0	0	0.06914893617021277	0	0.14921780986762936	0	0	0	0	0	0.13621794871794873	0.16666666666666666	0.12800300300300302	0	0	0	0	0	0	1
0.01	0.24615384615384617	0.10445114381982622	0	0.07174887892376682	0	0	0	0	0	0	0	0	0	0	0	0	0	0	0	1
0.01	0.24615384615384617	0	0	0	0.14921780986762936	0	0	0	0.12060301507537688	0	0	0	0	0	0	0	0	0	0	1
0.01	0.24615384615384617	0.10445114381982622	0	0	0	0	0	0	0.12060301507537688	0.16216216216216214	0.13621794871794873	0.16666666666666666	0	0.199288256227758	0.12897822445561138	0.15	0	0	0	1
0.01	0.24615384615384617	0	0	0	0	0	0	0.24437299035369775	0.12060301507537688	0	0.13621794871794873	0	0	0.199288256227758	0.12897822445561138	0	0	0	0	1
0.01	0.24615384615384617	0.10445114381982622	0	0	0	0	0	0	0	0	0	0	0	0	0	0	0	0	0	1
0.01	0.24615384615384617	0.10445114381982622	0	0	0.14921780986762936	0	0	0	0.12060301507537688	0	0	0	0.12800300300300302	0	0	0	0	0	0	1
0.01	0.24615384615384617	0.10445114381982622	0	0	0.14921780986762936	0	0	0	0	0	0	0	0	0	0	0	0	0	0.25161290322580643	1
0.01	0.24615384615384617	0.10445114381982622	0	0	0	0	0	0	0	0	0	0	0	0	0	0	0.15624999999999997	0.11864406779661017	0.25161290322580643	1
0.01	0.24615384615384617	0.10445114381982622	0	0.07174887892376682	0.14921780986762936	0	0.17520215633423178	0.24437299035369775	0.12060301507537688	0	0	0	0	0	0.12897822445561138	0	0.15624999999999997	0	0	1
0.01	0.24615384615384617	0	0	0	0.14921780986762936	0.13366336633663367	0	0.24437299035369775	0.12060301507537688	0	0.13621794871794873	0	0.12800300300300302	0.199288256227758	0	0.15	0	0.11864406779661017	0.25161290322580643	1
0.01	0.24615384615384617	0	0	0	0	0.13366336633663367	0	0	0	0	0	0	0.12800300300300302	0.199288256227758	0.12897822445561138	0	0	0.11864406779661017	0	1
0.01	0.24615384615384617	0.10445114381982622	0	0	0	0	0	0	0	0	0.13621794871794873	0	0	0	0	0	0	0	0	1
0.01	0.24615384615384617	0.10445114381982622	0	0.07174887892376682	0	0	0.17520215633423178	0	0	0	0	0.16666666666666666	0	0	0	0	0	0.11864406779661017	0	1
0.01	0.24615384615384617	0.10445114381982622	0.06914893617021277	0.07174887892376682	0	0	0	0	0	0	0	0	0.12800300300300302	0	0	0	0	0	0	1
0.01	0	0	0	0	0.14921780986762936	0	0	0	0	0.16216216216216214	0	0	0	0	0	0	0	0	0	1
0.01	0	0	0	0	0	0	0	0.24437299035369775	0.12060301507537688	0	0	0	0	0	0	0	0	0	0	1
0.01	0.24615384615384617	0.10445114381982622	0	0	0	0	0	0	0	0	0.13621794871794873	0	0	0	0	0	0	0	0	1
0.01	0.24615384615384617	0.10445114381982622	0.06914893617021277	0.07174887892376682	0	0	0	0	0	0	0	0	0	0	0.12897822445561138	0	0	0	0.25161290322580643	1
0.01	0.24615384615384617	0.10445114381982622	0.06914893617021277	0	0	0	0.17520215633423178	0	0	0	0	0.16666666666666666	0.12800300300300302	0	0	0	0	0	0.25161290322580643	1
0.01	0.24615384615384617	0.10445114381982622	0	0.07174887892376682	0	0	0	0	0	0	0	0	0	0	0	0	0	0.11864406779661017	0.25161290322580643	1
0.01	0.24615384615384617	0.10445114381982622	0.06914893617021277	0	0	0	0	0	0	0	0	0	0	0	0	0	0	0	0	1
0.01	0.24615384615384617	0.10445114381982622	0	0	0	0	0	0.24437299035369775	0	0.16216216216216214	0	0	0	0	0	0	0.15624999999999997	0	0	1
0.01	0	0	0	0.07174887892376682	0	0	0	0	0	0	0	0.16666666666666666	0.12800300300300302	0	0.12897822445561138	0	0	0	0	1
0.01	0.24615384615384617	0.10445114381982622	0	0	0	0.13366336633663367	0	0	0	0	0	0	0	0	0	0.15	0	0	0	1
0.01	0.24615384615384617	0.10445114381982622	0	0	0	0	0	0	0	0	0	0	0	0.199288256227758	0	0	0	0	0	1
0.01	0.24615384615384617	0.10445114381982622	0.06914893617021277	0	0	0.13366336633663367	0.17520215633423178	0	0	0	0	0	0	0.199288256227758	0	0	0	0	0	1
0.01	0.24615384615384617	0	0	0	0.14921780986762936	0	0	0	0	0	0	0	0	0	0	0.15	0	0	0	1
0.01	0.24615384615384617	0.10445114381982622	0	0	0	0	0	0	0	0.16216216216216214	0	0	0	0	0	0	0	0	0	1
0.01	0.24615384615384617	0.10445114381982622	0	0	0	0.13366336633663367	0	0	0	0	0	0	0	0.199288256227758	0.12897822445561138	0	0	0	0	1
0.01	0	0.10445114381982622	0.06914893617021277	0	0.14921780986762936	0.13366336633663367	0	0.24437299035369775	0.12060301507537688	0	0.13621794871794873	0.16666666666666666	0	0	0	0	0	0.11864406779661017	0.25161290322580643	1
0.01	0	0	0.06914893617021277	0	0	0	0	0	0.12060301507537688	0.16216216216216214	0	0	0	0	0.12897822445561138	0	0.15624999999999997	0	0	1
0.01	0	0	0	0.07174887892376682	0.14921780986762936	0.13366336633663367	0	0	0	0	0	0.16666666666666666	0	0	0	0	0	0	0	1
0.01	0.24615384615384617	0.10445114381982622	0.06914893617021277	0	0	0	0	0	0	0	0.13621794871794873	0.16666666666666666	0.12800300300300302	0	0	0	0	0.11864406779661017	0.25161290322580643	1
0.01	0.24615384615384617	0.10445114381982622	0	0	0	0	0	0	0	0	0	0	0	0	0	0	0	0.11864406779661017	0	1
0.01	0	0.10445114381982622	0	0	0	0	0	0	0	0	0.13621794871794873	0	0	0.199288256227758	0	0	0	0	0	1
0.01	0.24615384615384617	0.10445114381982622	0	0	0	0	0	0	0.12060301507537688	0.16216216216216214	0.13621794871794873	0.16666666666666666	0	0.199288256227758	0.12897822445561138	0.15	0	0	0	1
0.01	0	0.10445114381982622	0.06914893617021277	0	0	0	0	0	0.12060301507537688	0	0	0	0	0	0	0	0	0	0	1
0.01	0.24615384615384617	0.10445114381982622	0	0	0	0	0	0	0	0	0	0	0	0	0	0	0	0	0	1
0.01	0.24615384615384617	0	0	0	0	0	0	0	0.12060301507537688	0	0	0	0.12800300300300302	0.199288256227758	0.12897822445561138	0	0	0	0	1
0.01	0.24615384615384617	0.10445114381982622	0	0	0	0	0.17520215633423178	0	0	0	0	0.16666666666666666	0	0	0.12897822445561138	0	0	0	0	1
0.01	0.24615384615384617	0.10445114381982622	0	0.07174887892376682	0	0	0	0	0	0	0	0.16666666666666666	0.12800300300300302	0	0	0.15	0	0	0	1
0.01	0	0	0	0	0	0	0.17520215633423178	0	0.12060301507537688	0	0.13621794871794873	0	0	0	0	0	0	0	0	1
0.01	0.24615384615384617	0	0	0	0	0	0	0.24437299035369775	0	0	0	0.16666666666666666	0	0.199288256227758	0.12897822445561138	0	0	0	0	1
0.01	0.24615384615384617	0	0.06914893617021277	0	0	0	0	0	0.12060301507537688	0.16216216216216214	0.13621794871794873	0	0.12800300300300302	0.199288256227758	0	0	0	0	0	1
0.01	0	0	0	0	0	0	0	0	0.12060301507537688	0	0	0.16666666666666666	0	0	0.12897822445561138	0	0	0	0	1
0.01	0.24615384615384617	0.10445114381982622	0	0	0	0	0	0	0	0	0.13621794871794873	0	0	0	0	0	0	0	0	1
0.01	0.24615384615384617	0	0	0.07174887892376682	0.14921780986762936	0	0	0	0	0	0	0	0	0	0.12897822445561138	0.15	0.15624999999999997	0	0	1
0.01	0.24615384615384617	0	0.06914893617021277	0	0.14921780986762936	0	0.17520215633423178	0.24437299035369775	0	0	0	0	0	0	0.12897822445561138	0.15	0	0	0	1
0.01	0	0	0	0	0	0	0	0	0	0	0	0	0	0	0	0	0	0	0.25161290322580643	1
0.01	0.24615384615384617	0.10445114381982622	0	0	0	0	0	0	0	0	0	0.16666666666666666	0	0	0	0	0	0	0	1
0.01	0	0.10445114381982622	0	0.07174887892376682	0	0.13366336633663367	0.17520215633423178	0.24437299035369775	0.12060301507537688	0	0.13621794871794873	0	0	0	0.12897822445561138	0.15	0.15624999999999997	0	0	1
0.01	0	0	0.06914893617021277	0.07174887892376682	0.14921780986762936	0	0	0	0	0	0	0.16666666666666666	0	0	0.12897822445561138	0	0	0	0	1
0.01	0.24615384615384617	0.10445114381982622	0	0	0	0	0	0	0.12060301507537688	0	0	0	0.12800300300300302	0.199288256227758	0.12897822445561138	0	0	0.11864406779661017	0.25161290322580643	1
0.01	0.24615384615384617	0.10445114381982622	0	0	0	0	0	0	0.12060301507537688	0.16216216216216214	0	0.16666666666666666	0	0	0	0	0	0	0	1
0.01	0.24615384615384617	0.10445114381982622	0	0	0	0	0	0	0.12060301507537688	0.16216216216216214	0	0	0	0	0	0	0	0	0	1
0.01	0.24615384615384617	0.10445114381982622	0	0.07174887892376682	0	0	0.17520215633423178	0.24437299035369775	0	0.16216216216216214	0.13621794871794873	0.16666666666666666	0.12800300300300302	0.199288256227758	0.12897822445561138	0	0.15624999999999997	0	0	1
0.01	0.24615384615384617	0.10445114381982622	0	0	0	0	0	0	0	0	0	0	0	0	0	0	0	0	0	1
0.01	0.24615384615384617	0.10445114381982622	0.06914893617021277	0	0	0	0.17520215633423178	0	0.12060301507537688	0.16216216216216214	0	0	0.12800300300300302	0	0.12897822445561138	0	0	0	0	1
0.01	0.24615384615384617	0.10445114381982622	0.06914893617021277	0	0	0	0	0	0	0	0	0	0	0.199288256227758	0	0	0	0	0	1
0.01	0.24615384615384617	0.10445114381982622	0	0	0	0	0	0	0	0.16216216216216214	0.13621794871794873	0	0	0.199288256227758	0.12897822445561138	0.15	0	0	0	1
0.01	0.24615384615384617	0.10445114381982622	0	0	0	0	0	0	0	0	0	0	0	0	0	0	0	0	0	1
0.01	0.24615384615384617	0.10445114381982622	0	0	0	0	0	0	0	0.16216216216216214	0	0	0	0.199288256227758	0	0	0	0	0	1
0.01	0.24615384615384617	0.10445114381982622	0	0	0	0	0	0	0	0	0	0	0	0	0	0	0	0	0	1
0.01	0.24615384615384617	0.10445114381982622	0.06914893617021277	0	0	0	0	0	0	0	0.13621794871794873	0.16666666666666666	0	0	0	0	0	0	0	1
0.01	0	0	0.06914893617021277	0.07174887892376682	0.14921780986762936	0.13366336633663367	0	0	0.12060301507537688	0.16216216216216214	0.13621794871794873	0	0	0	0	0	0	0	0.25161290322580643	1
0.01	0.24615384615384617	0.10445114381982622	0	0	0	0	0	0	0	0	0	0	0	0	0	0	0	0	0	1
0.01	0.24615384615384617	0.10445114381982622	0	0	0	0	0	0	0	0	0.13621794871794873	0.16666666666666666	0.12800300300300302	0	0.12897822445561138	0	0	0.11864406779661017	0.25161290322580643	1
0.01	0.24615384615384617	0.10445114381982622	0.06914893617021277	0.07174887892376682	0.14921780986762936	0.13366336633663367	0.17520215633423178	0	0	0	0	0.16666666666666666	0.12800300300300302	0.199288256227758	0	0	0.15624999999999997	0.11864406779661017	0	1
0.01	0.24615384615384617	0.10445114381982622	0.06914893617021277	0	0	0	0	0	0	0	0	0	0	0	0	0	0	0	0	1
0.01	0.24615384615384617	0	0	0	0.14921780986762936	0	0	0	0.12060301507537688	0.16216216216216214	0.13621794871794873	0.16666666666666666	0	0	0	0	0	0	0	1
0.01	0.24615384615384617	0.10445114381982622	0	0	0	0	0	0	0	0	0	0	0	0.199288256227758	0	0.15	0	0	0	1
0.01	0	0.10445114381982622	0	0	0	0	0	0	0	0.16216216216216214	0	0	0	0	0	0	0	0	0	1
0.01	0.24615384615384617	0.10445114381982622	0	0	0	0.13366336633663367	0.17520215633423178	0	0	0	0	0	0	0	0.12897822445561138	0.15	0.15624999999999997	0	0	1
0.01	0	0	0	0	0	0	0	0	0	0	0	0	0	0	0.12897822445561138	0.15	0	0	0	1
0.01	0.24615384615384617	0.10445114381982622	0	0	0	0	0	0	0	0	0.13621794871794873	0	0	0.199288256227758	0	0	0	0	0	1
0.01	0.24615384615384617	0.10445114381982622	0	0	0	0	0	0	0	0	0	0	0	0	0	0.15	0.15624999999999997	0	0	1
0.01	0	0.10445114381982622	0	0	0	0	0	0	0.12060301507537688	0	0.13621794871794873	0	0	0.199288256227758	0	0	0	0	0	1
0.01	0.24615384615384617	0.10445114381982622	0.06914893617021277	0	0	0	0	0	0	0	0	0	0	0	0	0	0	0	0	1
0.01	0	0	0	0	0	0	0	0	0	0	0	0	0	0	0.12897822445561138	0	0	0	0	1
0.01	0.24615384615384617	0.10445114381982622	0	0.07174887892376682	0	0	0.17520215633423178	0.24437299035369775	0.12060301507537688	0.16216216216216214	0	0	0.12800300300300302	0.199288256227758	0	0	0.15624999999999997	0.11864406779661017	0	1
0.01	0.24615384615384617	0	0	0	0	0	0	0.24437299035369775	0	0	0	0.16666666666666666	0.12800300300300302	0.199288256227758	0.12897822445561138	0	0	0.11864406779661017	0.25161290322580643	1
0.01	0.24615384615384617	0.10445114381982622	0.06914893617021277	0.07174887892376682	0.14921780986762936	0.13366336633663367	0	0	0	0	0	0	0	0	0.12897822445561138	0	0	0	0	1
0.01	0.24615384615384617	0.10445114381982622	0	0	0.14921780986762936	0	0	0	0	0	0	0.16666666666666666	0	0	0	0	0.15624999999999997	0	0	1
0.01	0	0	0	0	0.14921780986762936	0	0	0	0	0	0	0	0	0	0	0	0	0	0	1
0.01	0.24615384615384617	0	0	0	0	0	0	0	0	0	0	0	0	0	0	0	0	0	0	1
0.01	0	0	0	0	0	0	0	0	0	0	0	0	0.12800300300300302	0	0.12897822445561138	0.15	0	0	0	1
0.01	0.24615384615384617	0.10445114381982622	0	0	0	0	0	0.24437299035369775	0	0	0	0	0	0	0	0	0	0	0	1
0.01	0	0	0.06914893617021277	0	0	0	0	0	0.12060301507537688	0.16216216216216214	0	0	0	0	0.12897822445561138	0	0	0	0	1
0.01	0	0	0	0	0.14921780986762936	0	0	0	0.12060301507537688	0	0	0	0	0	0	0	0.15624999999999997	0.11864406779661017	0	1
0.01	0	0	0	0	0	0.13366336633663367	0.17520215633423178	0.24437299035369775	0.12060301507537688	0.16216216216216214	0	0	0	0	0	0	0	0	0	1
0.01	0.24615384615384617	0.10445114381982622	0.06914893617021277	0	0	0.13366336633663367	0	0	0	0.16216216216216214	0	0	0.12800300300300302	0	0.12897822445561138	0.15	0	0	0	1
0.01	0.24615384615384617	0.10445114381982622	0	0	0	0	0	0	0	0	0.13621794871794873	0	0	0	0	0	0	0	0	1
0.01	0	0	0	0	0.14921780986762936	0	0	0	0	0	0	0	0	0	0.12897822445561138	0	0	0	0	1
0.01	0.24615384615384617	0.10445114381982622	0.06914893617021277	0	0.14921780986762936	0	0.17520215633423178	0	0	0.16216216216216214	0	0.16666666666666666	0.12800300300300302	0	0.12897822445561138	0.15	0.15624999999999997	0.11864406779661017	0	1
0.01	0	0	0.06914893617021277	0	0.14921780986762936	0.13366336633663367	0.17520215633423178	0	0	0	0	0	0.12800300300300302	0	0.12897822445561138	0.15	0.15624999999999997	0.11864406779661017	0	1
0.01	0.24615384615384617	0	0	0	0.14921780986762936	0.13366336633663367	0	0	0.12060301507537688	0.16216216216216214	0.13621794871794873	0	0	0	0	0	0.15624999999999997	0	0	1
0.01	0.24615384615384617	0.10445114381982622	0	0	0	0	0	0	0	0	0	0	0	0	0.12897822445561138	0.15	0	0.11864406779661017	0	1
0.01	0	0.10445114381982622	0.06914893617021277	0.07174887892376682	0	0.13366336633663367	0	0.24437299035369775	0.12060301507537688	0	0	0.16666666666666666	0	0	0	0.15	0	0	0	-1
0.01	0.24615384615384617	0	0.06914893617021277	0.07174887892376682	0.14921780986762936	0	0.17520215633423178	0	0	0	0.13621794871794873	0.16666666666666666	0	0	0	0.15	0.15624999999999997	0.11864406779661017	0	-1
0.01	0	0	0	0	0.14921780986762936	0	0.17520215633423178	0.24437299035369775	0.12060301507537688	0.16216216216216214	0.13621794871794873	0.16666666666666666	0	0	0	0	0.15624999999999997	0.11864406779661017	0	-1
0.01	0.24615384615384617	0.10445114381982622	0.06914893617021277	0	0.14921780986762936	0	0	0	0	0	0	0	0	0.199288256227758	0	0.15	0	0.11864406779661017	0.25161290322580643	-1
0.01	0.24615384615384617	0	0	0	0.14921780986762936	0	0.17520215633423178	0.24437299035369775	0.12060301507537688	0.16216216216216214	0.13621794871794873	0.16666666666666666	0	0	0	0	0.15624999999999997	0.11864406779661017	0	-1
0.01	0	0.10445114381982622	0	0.07174887892376682	0.14921780986762936	0.13366336633663367	0	0.24437299035369775	0.12060301507537688	0	0	0.16666666666666666	0.12800300300300302	0.199288256227758	0	0	0.15624999999999997	0	0.25161290322580643	-1
0.01	0.24615384615384617	0.10445114381982622	0	0	0	0	0.17520215633423178	0.24437299035369775	0	0	0.13621794871794873	0.16666666666666666	0	0	0.12897822445561138	0	0.15624999999999997	0	0	-1
0.01	0.24615384615384617	0.10445114381982622	0.06914893617021277	0.07174887892376682	0	0.13366336633663367	0	0	0.12060301507537688	0	0	0.16666666666666666	0	0	0	0.15	0.15624999999999997	0.11864406779661017	0	-1
0.01	0	0	0	0.07174887892376682	0.14921780986762936	0	0	0.24437299035369775	0	0	0	0.16666666666666666	0	0	0.12897822445561138	0.15	0	0.11864406779661017	0	-1
0.01	0	0.10445114381982622	0	0.07174887892376682	0.14921780986762936	0.13366336633663367	0.17520215633423178	0.24437299035369775	0	0	0.13621794871794873	0.16666666666666666	0	0	0.12897822445561138	0	0	0	0.25161290322580643	-1
0.01	0	0.10445114381982622	0.06914893617021277	0.07174887892376682	0	0.13366336633663367	0.17520215633423178	0	0	0.16216216216216214	0	0.16666666666666666	0.12800300300300302	0.199288256227758	0.12897822445561138	0	0.15624999999999997	0.11864406779661017	0.25161290322580643	-1
0.01	0	0	0	0.07174887892376682	0	0.13366336633663367	0	0.24437299035369775	0.12060301507537688	0	0	0	0	0.199288256227758	0	0	0.15624999999999997	0	0.25161290322580643	-1
0.01	0.24615384615384617	0.10445114381982622	0	0	0.14921780986762936	0	0	0	0	0	0.13621794871794873	0.16666666666666666	0	0	0	0	0.15624999999999997	0.11864406779661017	0	-1
0.01	0	0	0.06914893617021277	0	0.14921780986762936	0.13366336633663367	0.17520215633423178	0.24437299035369775	0	0.16216216216216214	0	0.16666666666666666	0	0.199288256227758	0.12897822445561138	0.15	0.15624999999999997	0	0	-1
0.01	0.24615384615384617	0.10445114381982622	0	0.07174887892376682	0.14921780986762936	0.13366336633663367	0	0.24437299035369775	0	0	0	0.16666666666666666	0	0.199288256227758	0	0	0	0	0	-1
0.01	0.24615384615384617	0.10445114381982622	0	0	0	0	0.17520215633423178	0.24437299035369775	0	0.16216216216216214	0	0.16666666666666666	0.12800300300300302	0.199288256227758	0.12897822445561138	0.15	0	0.11864406779661017	0	-1
0.01	0.24615384615384617	0	0	0	0	0.13366336633663367	0	0.24437299035369775	0.12060301507537688	0.16216216216216214	0.13621794871794873	0.16666666666666666	0.12800300300300302	0	0	0	0	0.11864406779661017	0.25161290322580643	-1
0.01	0	0.10445114381982622	0	0.07174887892376682	0.14921780986762936	0.13366336633663367	0	0.24437299035369775	0	0.16216216216216214	0	0	0.12800300300300302	0.199288256227758	0	0	0.15624999999999997	0	0.25161290322580643	-1
0.01	0.24615384615384617	0.10445114381982622	0	0.07174887892376682	0	0.13366336633663367	0.17520215633423178	0	0.12060301507537688	0.16216216216216214	0	0	0.12800300300300302	0.199288256227758	0.12897822445561138	0.15	0.15624999999999997	0	0.25161290322580643	-1
0.01	0.24615384615384617	0	0	0	0	0.13366336633663367	0.17520215633423178	0	0	0	0.13621794871794873	0	0	0	0	0	0.15624999999999997	0.11864406779661017	0	-1
0.01	0.24615384615384617	0.10445114381982622	0	0.07174887892376682	0	0.13366336633663367	0	0.24437299035369775	0.12060301507537688	0	0.13621794871794873	0.16666666666666666	0.12800300300300302	0	0.12897822445561138	0.15	0.15624999999999997	0	0	-1
0.01	0.24615384615384617	0	0	0	0	0.13366336633663367	0.17520215633423178	0.24437299035369775	0.12060301507537688	0	0	0.16666666666666666	0	0	0	0.15	0	0	0	-1
0.01	0	0	0	0	0.14921780986762936	0	0.17520215633423178	0.24437299035369775	0.12060301507537688	0.16216216216216214	0.13621794871794873	0.16666666666666666	0	0	0	0	0.15624999999999997	0.11864406779661017	0	-1
0.01	0	0.10445114381982622	0.06914893617021277	0	0.14921780986762936	0	0	0.24437299035369775	0.12060301507537688	0.16216216216216214	0.13621794871794873	0	0	0	0	0.15	0.15624999999999997	0	0.25161290322580643	-1
0.01	0	0	0	0.07174887892376682	0	0	0.17520215633423178	0.24437299035369775	0	0	0	0.16666666666666666	0.12800300300300302	0.199288256227758	0	0	0.15624999999999997	0.11864406779661017	0	-1
0.01	0.24615384615384617	0.10445114381982622	0.06914893617021277	0	0.14921780986762936	0.13366336633663367	0.17520215633423178	0.24437299035369775	0.12060301507537688	0.16216216216216214	0.13621794871794873	0.16666666666666666	0	0.199288256227758	0.12897822445561138	0	0.15624999999999997	0	0	-1
0.01	0.24615384615384617	0.10445114381982622	0.06914893617021277	0.07174887892376682	0	0	0.17520215633423178	0	0.12060301507537688	0	0.13621794871794873	0	0	0.199288256227758	0	0	0	0	0.25161290322580643	-1
0.01	0	0.10445114381982622	0.06914893617021277	0	0.14921780986762936	0.13366336633663367	0.17520215633423178	0.24437299035369775	0	0.16216216216216214	0.13621794871794873	0.16666666666666666	0.12800300300300302	0	0.12897822445561138	0.15	0.15624999999999997	0.11864406779661017	0	-1
0.01	0.24615384615384617	0.10445114381982622	0	0	0.14921780986762936	0.13366336633663367	0	0	0	0.16216216216216214	0	0.16666666666666666	0	0.199288256227758	0.12897822445561138	0.15	0	0.11864406779661017	0.25161290322580643	-1
0.01	0.24615384615384617	0	0.06914893617021277	0.07174887892376682	0.14921780986762936	0	0	0.24437299035369775	0	0	0	0	0.12800300300300302	0	0	0	0.15624999999999997	0	0.25161290322580643	-1
0.01	0	0.10445114381982622	0	0	0.14921780986762936	0	0	0	0.12060301507537688	0.16216216216216214	0.13621794871794873	0.16666666666666666	0	0.199288256227758	0.12897822445561138	0	0	0	0	-1
0.01	0.24615384615384617	0.10445114381982622	0	0.07174887892376682	0.14921780986762936	0	0.17520215633423178	0	0	0	0.13621794871794873	0.16666666666666666	0.12800300300300302	0	0	0.15	0	0.11864406779661017	0.25161290322580643	-1
0.01	0	0	0.06914893617021277	0	0.14921780986762936	0	0	0.24437299035369775	0	0.16216216216216214	0	0.16666666666666666	0	0.199288256227758	0.12897822445561138	0.15	0	0	0.25161290322580643	-1
0.01	0.24615384615384617	0.10445114381982622	0	0.07174887892376682	0	0.13366336633663367	0.17520215633423178	0	0.12060301507537688	0.16216216216216214	0	0	0.12800300300300302	0.199288256227758	0.12897822445561138	0.15	0.15624999999999997	0	0.25161290322580643	-1
0.01	0.24615384615384617	0.10445114381982622	0.06914893617021277	0	0.14921780986762936	0	0.17520215633423178	0	0.12060301507537688	0	0.13621794871794873	0	0.12800300300300302	0	0.12897822445561138	0	0.15624999999999997	0.11864406779661017	0	-1
0.01	0.24615384615384617	0.10445114381982622	0.06914893617021277	0	0	0.13366336633663367	0.17520215633423178	0	0.12060301507537688	0.16216216216216214	0.13621794871794873	0	0.12800300300300302	0.199288256227758	0.12897822445561138	0	0	0	0	-1
0.01	0.24615384615384617	0	0.06914893617021277	0	0.14921780986762936	0.13366336633663367	0	0	0	0.16216216216216214	0.13621794871794873	0.16666666666666666	0	0.199288256227758	0	0.15	0.15624999999999997	0	0.25161290322580643	-1
0.01	0.24615384615384617	0.10445114381982622	0.06914893617021277	0.07174887892376682	0	0.13366336633663367	0	0	0.12060301507537688	0	0	0.16666666666666666	0	0	0	0.15	0.15624999999999997	0.11864406779661017	0	-1
0.01	0	0.10445114381982622	0	0.07174887892376682	0.14921780986762936	0	0.17520215633423178	0	0	0.16216216216216214	0.13621794871794873	0.16666666666666666	0.12800300300300302	0	0	0	0	0.11864406779661017	0.25161290322580643	-1
0.01	0.24615384615384617	0	0	0.07174887892376682	0	0	0.17520215633423178	0	0	0	0	0.16666666666666666	0	0	0	0.15	0.15624999999999997	0	0.25161290322580643	-1
0.01	0	0	0.06914893617021277	0.07174887892376682	0.14921780986762936	0	0.17520215633423178	0	0.12060301507537688	0	0	0	0	0	0.12897822445561138	0	0.15624999999999997	0	0	-1
0.01	0	0.10445114381982622	0.06914893617021277	0.07174887892376682	0	0	0	0.24437299035369775	0.12060301507537688	0.16216216216216214	0	0	0.12800300300300302	0	0	0	0.15624999999999997	0	0.25161290322580643	-1
0.01	0.24615384615384617	0.10445114381982622	0	0	0.14921780986762936	0	0	0	0.12060301507537688	0.16216216216216214	0.13621794871794873	0.16666666666666666	0.12800300300300302	0	0.12897822445561138	0	0	0	0	-1
0.01	0.24615384615384617	0	0	0	0	0	0.17520215633423178	0	0	0.16216216216216214	0	0	0	0.199288256227758	0	0	0.15624999999999997	0	0.25161290322580643	-1
0.01	0.24615384615384617	0	0.06914893617021277	0	0	0.13366336633663367	0	0.24437299035369775	0	0	0	0.16666666666666666	0.12800300300300302	0	0.12897822445561138	0	0	0	0	-1
0.01	0	0	0	0.07174887892376682	0.14921780986762936	0	0.17520215633423178	0	0.12060301507537688	0	0	0.16666666666666666	0	0	0.12897822445561138	0.15	0	0.11864406779661017	0.25161290322580643	-1
0.01	0.24615384615384617	0	0	0.07174887892376682	0.14921780986762936	0.13366336633663367	0.17520215633423178	0.24437299035369775	0	0	0	0.16666666666666666	0	0	0	0	0	0.11864406779661017	0.25161290322580643	-1
0.01	0.24615384615384617	0	0	0.07174887892376682	0.14921780986762936	0	0	0.24437299035369775	0.12060301507537688	0.16216216216216214	0.13621794871794873	0.16666666666666666	0	0.199288256227758	0.12897822445561138	0.15	0	0	0.25161290322580643	-1
0.01	0.24615384615384617	0.10445114381982622	0.06914893617021277	0.07174887892376682	0.14921780986762936	0.13366336633663367	0	0.24437299035369775	0.12060301507537688	0.16216216216216214	0	0	0.12800300300300302	0	0.12897822445561138	0	0.15624999999999997	0.11864406779661017	0	-1
0.01	0.24615384615384617	0.10445114381982622	0	0	0.14921780986762936	0.13366336633663367	0	0	0	0	0.13621794871794873	0	0.12800300300300302	0	0.12897822445561138	0	0.15624999999999997	0	0.25161290322580643	-1
0.01	0.24615384615384617	0	0.06914893617021277	0	0.14921780986762936	0	0	0.24437299035369775	0	0.16216216216216214	0	0	0	0.199288256227758	0.12897822445561138	0	0.15624999999999997	0	0	-1
0.01	0.24615384615384617	0	0.06914893617021277	0	0.14921780986762936	0	0	0	0	0.16216216216216214	0	0	0.12800300300300302	0	0	0.15	0	0.11864406779661017	0	-1
0.01	0.24615384615384617	0	0	0	0	0.13366336633663367	0	0	0.12060301507537688	0	0	0	0.12800300300300302	0	0	0.15	0.15624999999999997	0.11864406779661017	0	-1
0.01	0.24615384615384617	0.10445114381982622	0.06914893617021277	0	0.14921780986762936	0.13366336633663367	0	0.24437299035369775	0	0	0	0.16666666666666666	0	0	0	0	0	0.11864406779661017	0	-1
0.01	0	0	0.06914893617021277	0	0.14921780986762936	0.13366336633663367	0	0.24437299035369775	0.12060301507537688	0.16216216216216214	0.13621794871794873	0.16666666666666666	0	0.199288256227758	0	0	0.15624999999999997	0	0	-1
0.01	0.24615384615384617	0.10445114381982622	0.06914893617021277	0.07174887892376682	0.14921780986762936	0	0	0.24437299035369775	0.12060301507537688	0.16216216216216214	0.13621794871794873	0	0.12800300300300302	0.199288256227758	0.12897822445561138	0.15	0.15624999999999997	0	0	-1
0.01	0.24615384615384617	0.10445114381982622	0	0	0	0	0	0.24437299035369775	0	0.16216216216216214	0	0.16666666666666666	0.12800300300300302	0.199288256227758	0	0.15	0.15624999999999997	0.11864406779661017	0.25161290322580643	-1
0.01	0.24615384615384617	0.10445114381982622	0	0	0	0	0.17520215633423178	0	0.12060301507537688	0.16216216216216214	0	0	0.12800300300300302	0	0.12897822445561138	0	0	0	0	-1
0.01	0.24615384615384617	0.10445114381982622	0.06914893617021277	0	0	0.13366336633663367	0.17520215633423178	0	0	0	0.13621794871794873	0	0.12800300300300302	0.199288256227758	0	0.15	0.15624999999999997	0	0	-1
0.01	0.24615384615384617	0	0	0	0	0	0	0.24437299035369775	0	0	0	0	0	0	0	0	0.15624999999999997	0	0	-1
0.01	0	0	0	0.07174887892376682	0	0.13366336633663367	0	0.24437299035369775	0.12060301507537688	0	0	0.16666666666666666	0	0	0.12897822445561138	0	0.15624999999999997	0	0	-1
0.01	0.24615384615384617	0	0	0	0	0	0.17520215633423178	0	0	0.16216216216216214	0	0.16666666666666666	0.12800300300300302	0.199288256227758	0	0	0.15624999999999997	0	0	-1
0.01	0.24615384615384617	0.10445114381982622	0.06914893617021277	0.07174887892376682	0	0	0.17520215633423178	0	0	0	0	0	0.12800300300300302	0.199288256227758	0	0	0	0	0.25161290322580643	-1
0.01	0.24615384615384617	0	0	0	0.14921780986762936	0.13366336633663367	0	0	0	0	0	0.16666666666666666	0	0.199288256227758	0	0	0.15624999999999997	0.11864406779661017	0	-1
0.01	0.24615384615384617	0.10445114381982622	0	0.07174887892376682	0	0	0	0.24437299035369775	0.12060301507537688	0.16216216216216214	0.13621794871794873	0	0.12800300300300302	0.199288256227758	0	0	0	0	0	-1
0.01	0.24615384615384617	0	0.06914893617021277	0	0	0.13366336633663367	0.17520215633423178	0.24437299035369775	0.12060301507537688	0	0	0	0	0.199288256227758	0.12897822445561138	0	0.15624999999999997	0	0.25161290322580643	-1
0.01	0.24615384615384617	0	0	0.07174887892376682	0	0	0	0.24437299035369775	0.12060301507537688	0	0.13621794871794873	0.16666666666666666	0	0	0.12897822445561138	0.15	0.15624999999999997	0	0	-1
0.01	0.24615384615384617	0	0.06914893617021277	0.07174887892376682	0	0.13366336633663367	0	0	0	0.16216216216216214	0.13621794871794873	0	0.12800300300300302	0.199288256227758	0.12897822445561138	0.15	0	0	0.25161290322580643	-1
0.01	0.24615384615384617	0	0	0.07174887892376682	0	0.13366336633663367	0	0	0	0.16216216216216214	0	0.16666666666666666	0.12800300300300302	0	0.12897822445561138	0	0.15624999999999997	0.11864406779661017	0	-1
0.01	0	0	0.06914893617021277	0	0.14921780986762936	0.13366336633663367	0.17520215633423178	0	0	0.16216216216216214	0.13621794871794873	0.16666666666666666	0	0.199288256227758	0.12897822445561138	0	0	0	0	-1
0.01	0	0.10445114381982622	0.06914893617021277	0	0	0.13366336633663367	0.17520215633423178	0	0.12060301507537688	0	0	0.16666666666666666	0	0	0.12897822445561138	0.15	0	0.11864406779661017	0	-1
0.01	0.24615384615384617	0.10445114381982622	0	0	0.14921780986762936	0.13366336633663367	0	0	0	0.16216216216216214	0	0.16666666666666666	0	0	0.12897822445561138	0	0	0.11864406779661017	0.25161290322580643	-1
0.01	0.24615384615384617	0.10445114381982622	0.06914893617021277	0.07174887892376682	0.14921780986762936	0.13366336633663367	0	0	0.12060301507537688	0.16216216216216214	0.13621794871794873	0	0	0	0.12897822445561138	0	0	0	0	-1
0.01	0.24615384615384617	0.10445114381982622	0	0.07174887892376682	0.14921780986762936	0	0	0.24437299035369775	0	0.16216216216216214	0.13621794871794873	0	0	0	0	0	0.15624999999999997	0	0	-1
0.01	0.24615384615384617	0	0	0.07174887892376682	0	0.13366336633663367	0	0.24437299035369775	0	0	0.13621794871794873	0	0.12800300300300302	0	0	0	0.15624999999999997	0.11864406779661017	0	-1
0.01	0.24615384615384617	0	0	0	0.14921780986762936	0.13366336633663367	0	0.24437299035369775	0.12060301507537688	0.16216216216216214	0.13621794871794873	0.16666666666666666	0	0.199288256227758	0	0.15	0	0.11864406779661017	0	-1
0.01	0.24615384615384617	0	0.06914893617021277	0.07174887892376682	0.14921780986762936	0	0.17520215633423178	0	0.12060301507537688	0	0.13621794871794873	0.16666666666666666	0	0.199288256227758	0.12897822445561138	0.15	0.15624999999999997	0.11864406779661017	0.25161290322580643	-1
0.01	0	0.10445114381982622	0	0	0	0.13366336633663367	0	0	0.12060301507537688	0	0.13621794871794873	0	0.12800300300300302	0.199288256227758	0	0	0	0.11864406779661017	0.25161290322580643	-1
0.01	0.24615384615384617	0.10445114381982622	0	0	0	0	0.17520215633423178	0	0	0	0.13621794871794873	0	0	0.199288256227758	0.12897822445561138	0.15	0.15624999999999997	0	0.25161290322580643	-1
0.01	0.24615384615384617	0.10445114381982622	0.06914893617021277	0	0.14921780986762936	0.13366336633663367	0.17520215633423178	0.24437299035369775	0.12060301507537688	0	0	0.16666666666666666	0.12800300300300302	0	0.12897822445561138	0.15	0.15624999999999997	0	0.25161290322580643	-1
0.01	0.24615384615384617	0.10445114381982622	0.06914893617021277	0	0	0.13366336633663367	0	0	0	0	0.13621794871794873	0.16666666666666666	0	0.199288256227758	0	0	0.15624999999999997	0.11864406779661017	0	-1
0.01	0	0	0	0.07174887892376682	0	0.13366336633663367	0	0.24437299035369775	0.12060301507537688	0	0	0.16666666666666666	0	0	0.12897822445561138	0	0.15624999999999997	0	0	-1
0.01	0.24615384615384617	0	0.06914893617021277	0.07174887892376682	0.14921780986762936	0.13366336633663367	0	0	0.12060301507537688	0.16216216216216214	0.13621794871794873	0	0	0	0.12897822445561138	0.15	0.15624999999999997	0	0.25161290322580643	-1
0.01	0	0.10445114381982622	0	0	0.14921780986762936	0	0.17520215633423178	0	0	0	0.13621794871794873	0	0.12800300300300302	0	0.12897822445561138	0	0	0	0	-1
0.01	0.24615384615384617	0.10445114381982622	0	0	0.14921780986762936	0.13366336633663367	0	0	0	0.16216216216216214	0	0.16666666666666666	0	0	0.12897822445561138	0	0	0.11864406779661017	0.25161290322580643	-1
0.01	0.24615384615384617	0.10445114381982622	0	0	0.14921780986762936	0.13366336633663367	0.17520215633423178	0.24437299035369775	0.12060301507537688	0	0.13621794871794873	0	0	0	0.12897822445561138	0	0	0	0	-1
0.01	0.24615384615384617	0	0	0	0	0	0.17520215633423178	0	0.12060301507537688	0	0	0.16666666666666666	0.12800300300300302	0.199288256227758	0.12897822445561138	0.15	0	0.11864406779661017	0.25161290322580643	-1
0.01	0	0.10445114381982622	0	0.07174887892376682	0.14921780986762936	0	0.17520215633423178	0	0	0.16216216216216214	0.13621794871794873	0.16666666666666666	0.12800300300300302	0	0	0	0	0.11864406779661017	0.25161290322580643	-1
0.01	0.24615384615384617	0.10445114381982622	0	0	0	0.13366336633663367	0	0.24437299035369775	0	0	0.13621794871794873	0	0	0.199288256227758	0.12897822445561138	0	0	0.11864406779661017	0	-1
0.01	0	0.10445114381982622	0	0	0.14921780986762936	0.13366336633663367	0	0.24437299035369775	0	0	0.13621794871794873	0.16666666666666666	0	0.199288256227758	0	0	0	0	0.25161290322580643	-1
0.01	0.24615384615384617	0.10445114381982622	0.06914893617021277	0.07174887892376682	0.14921780986762936	0	0	0	0	0.16216216216216214	0.13621794871794873	0	0.12800300300300302	0	0.12897822445561138	0.15	0.15624999999999997	0.11864406779661017	0.25161290322580643	-1
0.01	0.24615384615384617	0	0.06914893617021277	0	0	0	0.17520215633423178	0.24437299035369775	0	0	0	0.16666666666666666	0.12800300300300302	0	0.12897822445561138	0.15	0.15624999999999997	0	0	-1
0.01	0	0.10445114381982622	0	0	0	0	0.17520215633423178	0	0.12060301507537688	0.16216216216216214	0.13621794871794873	0.16666666666666666	0.12800300300300302	0	0.12897822445561138	0	0.15624999999999997	0	0.25161290322580643	-1
0.01	0.24615384615384617	0	0.06914893617021277	0	0	0	0	0	0.12060301507537688	0	0.13621794871794873	0.16666666666666666	0.12800300300300302	0	0.12897822445561138	0	0.15624999999999997	0.11864406779661017	0	-1
0.01	0	0.10445114381982622	0.06914893617021277	0	0.14921780986762936	0	0.17520215633423178	0	0.12060301507537688	0	0	0.16666666666666666	0	0	0.12897822445561138	0.15	0.15624999999999997	0	0.25161290322580643	-1
0.01	0	0.10445114381982622	0.06914893617021277	0.07174887892376682	0.14921780986762936	0.13366336633663367	0	0	0.12060301507537688	0.16216216216216214	0	0	0.12800300300300302	0	0	0	0.15624999999999997	0.11864406779661017	0	-1
0.01	0.24615384615384617	0.10445114381982622	0.06914893617021277	0.07174887892376682	0.14921780986762936	0.13366336633663367	0	0.24437299035369775	0.12060301507537688	0.16216216216216214	0.13621794871794873	0	0	0	0	0	0.15624999999999997	0	0	-1
0.01	0.24615384615384617	0.10445114381982622	0	0.07174887892376682	0	0.13366336633663367	0.17520215633423178	0	0	0	0.13621794871794873	0.16666666666666666	0.12800300300300302	0	0.12897822445561138	0	0.15624999999999997	0.11864406779661017	0	-1
0.01	0	0.10445114381982622	0.06914893617021277	0.07174887892376682	0.14921780986762936	0.13366336633663367	0.17520215633423178	0	0	0	0	0.16666666666666666	0	0.199288256227758	0.12897822445561138	0	0	0.11864406779661017	0	-1
0.01	0	0.10445114381982622	0	0.07174887892376682	0.14921780986762936	0	0.17520215633423178	0	0	0.16216216216216214	0.13621794871794873	0.16666666666666666	0.12800300300300302	0	0	0	0	0.11864406779661017	0.25161290322580643	-1
0.01	0.24615384615384617	0.10445114381982622	0.06914893617021277	0	0	0.13366336633663367	0	0	0	0.16216216216216214	0.13621794871794873	0.16666666666666666	0	0	0	0	0	0	0	-1
0.01	0.24615384615384617	0.10445114381982622	0.06914893617021277	0.07174887892376682	0	0.13366336633663367	0.17520215633423178	0.24437299035369775	0.12060301507537688	0	0	0	0.12800300300300302	0.199288256227758	0.12897822445561138	0	0	0	0	-1
0.01	0.24615384615384617	0.10445114381982622	0.06914893617021277	0	0	0	0	0	0.12060301507537688	0	0.13621794871794873	0.16666666666666666	0.12800300300300302	0	0.12897822445561138	0	0.15624999999999997	0.11864406779661017	0	-1
0.01	0	0.10445114381982622	0	0.07174887892376682	0.14921780986762936	0	0.17520215633423178	0.24437299035369775	0.12060301507537688	0.16216216216216214	0.13621794871794873	0.16666666666666666	0	0	0.12897822445561138	0.15	0.15624999999999997	0	0	-1
0.01	0	0.10445114381982622	0	0	0.14921780986762936	0	0	0.24437299035369775	0	0	0.13621794871794873	0.16666666666666666	0	0.199288256227758	0.12897822445561138	0	0.15624999999999997	0	0.25161290322580643	-1
0.01	0.24615384615384617	0	0.06914893617021277	0.07174887892376682	0.14921780986762936	0.13366336633663367	0.17520215633423178	0.24437299035369775	0.12060301507537688	0.16216216216216214	0.13621794871794873	0	0.12800300300300302	0	0.12897822445561138	0	0	0	0.25161290322580643	-1
0.01	0.24615384615384617	0.10445114381982622	0.06914893617021277	0	0	0.13366336633663367	0	0	0	0	0.13621794871794873	0.16666666666666666	0	0.199288256227758	0	0	0.15624999999999997	0.11864406779661017	0	-1
0.01	0.24615384615384617	0.10445114381982622	0.06914893617021277	0	0	0	0.17520215633423178	0	0.12060301507537688	0	0	0	0	0	0.12897822445561138	0	0.15624999999999997	0	0	-1
0.01	0	0.10445114381982622	0.06914893617021277	0	0.14921780986762936	0	0	0	0	0.16216216216216214	0	0.16666666666666666	0.12800300300300302	0.199288256227758	0.12897822445561138	0	0	0.11864406779661017	0	-1
0.01	0.24615384615384617	0.10445114381982622	0.06914893617021277	0.07174887892376682	0.14921780986762936	0.13366336633663367	0.17520215633423178	0.24437299035369775	0.12060301507537688	0	0.13621794871794873	0.16666666666666666	0.12800300300300302	0.199288256227758	0.12897822445561138	0	0	0.11864406779661017	0	-1
0.01	0.24615384615384617	0	0.06914893617021277	0	0	0.13366336633663367	0.17520215633423178	0	0.12060301507537688	0.16216216216216214	0	0.16666666666666666	0.12800300300300302	0	0	0	0	0	0	-1
0.01	0.24615384615384617	0	0.06914893617021277	0	0	0	0.17520215633423178	0	0	0.16216216216216214	0.13621794871794873	0	0.12800300300300302	0	0.12897822445561138	0.15	0	0	0	-1
0.01	0	0.10445114381982622	0	0.07174887892376682	0.14921780986762936	0	0.17520215633423178	0	0	0.16216216216216214	0.13621794871794873	0.16666666666666666	0.12800300300300302	0	0	0	0	0.11864406779661017	0.25161290322580643	-1
0.01	0.24615384615384617	0	0	0	0	0.13366336633663367	0	0.24437299035369775	0	0.16216216216216214	0.13621794871794873	0	0.12800300300300302	0	0	0	0	0.11864406779661017	0.25161290322580643	-1
0.01	0.24615384615384617	0.10445114381982622	0	0	0	0.13366336633663367	0	0.24437299035369775	0	0.16216216216216214	0.13621794871794873	0.16666666666666666	0.12800300300300302	0	0.12897822445561138	0	0.15624999999999997	0	0	-1
0.01	0.24615384615384617	0	0	0	0	0	0.17520215633423178	0	0	0.16216216216216214	0	0	0	0.199288256227758	0	0	0.15624999999999997	0	0.25161290322580643	-1
0.01	0.24615384615384617	0	0	0	0.14921780986762936	0	0.17520215633423178	0.24437299035369775	0.12060301507537688	0.16216216216216214	0.13621794871794873	0.16666666666666666	0	0	0	0	0.15624999999999997	0.11864406779661017	0	-1
0.01	0.24615384615384617	0	0	0	0	0.13366336633663367	0.17520215633423178	0	0	0	0.13621794871794873	0	0	0	0	0	0.15624999999999997	0.11864406779661017	0	-1
0.01	0.24615384615384617	0.10445114381982622	0	0.07174887892376682	0.14921780986762936	0	0	0	0.12060301507537688	0.16216216216216214	0	0	0.12800300300300302	0	0.12897822445561138	0	0	0.11864406779661017	0.25161290322580643	-1
0.01	0.24615384615384617	0	0	0.07174887892376682	0	0.13366336633663367	0.17520215633423178	0.24437299035369775	0	0	0.13621794871794873	0.16666666666666666	0.12800300300300302	0	0.12897822445561138	0.15	0	0	0	-1
0.01	0.24615384615384617	0	0.06914893617021277	0	0	0	0	0.24437299035369775	0.12060301507537688	0	0	0.16666666666666666	0.12800300300300302	0.199288256227758	0	0.15	0	0	0	-1
0.01	0	0.10445114381982622	0	0	0.14921780986762936	0	0	0.24437299035369775	0	0	0.13621794871794873	0.16666666666666666	0	0.199288256227758	0.12897822445561138	0	0.15624999999999997	0	0.25161290322580643	-1
0.01	0	0.10445114381982622	0.06914893617021277	0.07174887892376682	0.14921780986762936	0	0	0.24437299035369775	0.12060301507537688	0.16216216216216214	0	0	0	0	0	0.15	0	0	0	-1
0.01	0	0.10445114381982622	0	0.07174887892376682	0.14921780986762936	0	0.17520215633423178	0.24437299035369775	0.12060301507537688	0.16216216216216214	0.13621794871794873	0.16666666666666666	0	0	0.12897822445561138	0.15	0.15624999999999997	0	0	-1
0.01	0	0.10445114381982622	0.06914893617021277	0	0.14921780986762936	0.13366336633663367	0.17520215633423178	0.24437299035369775	0	0.16216216216216214	0.13621794871794873	0.16666666666666666	0.12800300300300302	0	0.12897822445561138	0.15	0.15624999999999997	0.11864406779661017	0	-1
0.01	0.24615384615384617	0	0	0.07174887892376682	0.14921780986762936	0.13366336633663367	0	0.24437299035369775	0	0.16216216216216214	0.13621794871794873	0	0.12800300300300302	0	0	0.15	0.15624999999999997	0.11864406779661017	0.25161290322580643	-1
0.01	0	0.10445114381982622	0.06914893617021277	0.07174887892376682	0	0.13366336633663367	0.17520215633423178	0	0	0.16216216216216214	0	0.16666666666666666	0.12800300300300302	0.199288256227758	0.12897822445561138	0	0.15624999999999997	0.11864406779661017	0.25161290322580643	-1
0.01	0	0.10445114381982622	0	0	0.14921780986762936	0.13366336633663367	0	0.24437299035369775	0	0	0.13621794871794873	0.16666666666666666	0	0.199288256227758	0	0	0	0	0.25161290322580643	-1
0.01	0.24615384615384617	0.10445114381982622	0.06914893617021277	0	0.14921780986762936	0	0.17520215633423178	0.24437299035369775	0.12060301507537688	0	0	0	0.12800300300300302	0.199288256227758	0	0	0.15624999999999997	0	0	-1
0.01	0.24615384615384617	0.10445114381982622	0	0.07174887892376682	0.14921780986762936	0	0	0.24437299035369775	0.12060301507537688	0	0	0.16666666666666666	0	0	0	0	0	0	0.25161290322580643	-1
0.01	0.24615384615384617	0.10445114381982622	0	0	0	0	0.17520215633423178	0	0.12060301507537688	0.16216216216216214	0	0	0.12800300300300302	0	0.12897822445561138	0	0	0	0	-1
0.01	0.24615384615384617	0.10445114381982622	0.06914893617021277	0	0	0.13366336633663367	0.17520215633423178	0.24437299035369775	0.12060301507537688	0.16216216216216214	0	0.16666666666666666	0.12800300300300302	0.199288256227758	0.12897822445561138	0	0	0	0	-1
0.01	0	0.10445114381982622	0.06914893617021277	0.07174887892376682	0.14921780986762936	0.13366336633663367	0.17520215633423178	0.24437299035369775	0.12060301507537688	0.16216216216216214	0.13621794871794873	0.16666666666666666	0	0.199288256227758	0.12897822445561138	0	0.15624999999999997	0.11864406779661017	0.25161290322580643	-1
0.01	0.24615384615384617	0.10445114381982622	0.06914893617021277	0.07174887892376682	0	0	0.17520215633423178	0	0	0.16216216216216214	0.13621794871794873	0	0	0.199288256227758	0	0	0	0	0.25161290322580643	-1
0.01	0	0.10445114381982622	0	0.07174887892376682	0.14921780986762936	0	0	0	0	0.16216216216216214	0	0	0.12800300300300302	0	0	0.15	0	0.11864406779661017	0.25161290322580643	-1
0.01	0.24615384615384617	0.10445114381982622	0.06914893617021277	0	0	0	0	0.24437299035369775	0	0	0	0.16666666666666666	0	0	0	0.15	0.15624999999999997	0.11864406779661017	0	-1
0.01	0.24615384615384617	0	0	0.07174887892376682	0.14921780986762936	0.13366336633663367	0	0	0.12060301507537688	0	0.13621794871794873	0.16666666666666666	0.12800300300300302	0	0	0.15	0.15624999999999997	0.11864406779661017	0	-1
0.01	0.24615384615384617	0.10445114381982622	0.06914893617021277	0	0	0.13366336633663367	0.17520215633423178	0.24437299035369775	0	0	0.13621794871794873	0.16666666666666666	0	0	0	0	0	0.11864406779661017	0.25161290322580643	-1
0.01	0	0	0.06914893617021277	0	0.14921780986762936	0.13366336633663367	0.17520215633423178	0	0.12060301507537688	0	0.13621794871794873	0.16666666666666666	0	0.199288256227758	0.12897822445561138	0.15	0.15624999999999997	0.11864406779661017	0	-1
0.01	0.24615384615384617	0.10445114381982622	0	0	0.14921780986762936	0.13366336633663367	0.17520215633423178	0.24437299035369775	0	0	0	0.16666666666666666	0.12800300300300302	0.199288256227758	0	0.15	0	0	0.25161290322580643	-1
0.01	0.24615384615384617	0	0	0	0	0	0.17520215633423178	0	0.12060301507537688	0	0	0	0	0.199288256227758	0	0.15	0	0.11864406779661017	0.25161290322580643	-1
0.01	0.24615384615384617	0.10445114381982622	0.06914893617021277	0	0.14921780986762936	0	0	0.24437299035369775	0	0	0	0	0.12800300300300302	0	0.12897822445561138	0	0.15624999999999997	0	0.25161290322580643	-1
0.01	0.24615384615384617	0	0.06914893617021277	0.07174887892376682	0.14921780986762936	0	0.17520215633423178	0.24437299035369775	0	0	0	0	0	0.199288256227758	0	0	0.15624999999999997	0.11864406779661017	0	-1
0.01	0	0	0	0	0.14921780986762936	0.13366336633663367	0.17520215633423178	0.24437299035369775	0.12060301507537688	0	0.13621794871794873	0.16666666666666666	0.12800300300300302	0.199288256227758	0.12897822445561138	0.15	0	0	0.25161290322580643	-1
0.01	0.24615384615384617	0.10445114381982622	0	0.07174887892376682	0	0.13366336633663367	0	0	0.12060301507537688	0	0.13621794871794873	0.16666666666666666	0.12800300300300302	0.199288256227758	0	0.15	0.15624999999999997	0.11864406779661017	0.25161290322580643	-1
0.01	0.24615384615384617	0.10445114381982622	0.06914893617021277	0	0.14921780986762936	0	0.17520215633423178	0	0	0	0	0.16666666666666666	0.12800300300300302	0	0	0	0.15624999999999997	0.11864406779661017	0	-1
0.01	0.24615384615384617	0.10445114381982622	0	0.07174887892376682	0	0.13366336633663367	0.17520215633423178	0.24437299035369775	0	0	0.13621794871794873	0.16666666666666666	0.12800300300300302	0	0	0	0.15624999999999997	0	0	-1
0.01	0.24615384615384617	0	0	0.07174887892376682	0	0	0	0.24437299035369775	0.12060301507537688	0.16216216216216214	0.13621794871794873	0	0.12800300300300302	0.199288256227758	0	0	0	0	0	-1
0.01	0.24615384615384617	0	0.06914893617021277	0	0	0	0	0	0.12060301507537688	0.16216216216216214	0.13621794871794873	0.16666666666666666	0	0.199288256227758	0.12897822445561138	0.15	0	0	0	-1
0.01	0.24615384615384617	0	0.06914893617021277	0	0.14921780986762936	0	0	0.24437299035369775	0	0.16216216216216214	0.13621794871794873	0.16666666666666666	0.12800300300300302	0	0.12897822445561138	0.15	0.15624999999999997	0.11864406779661017	0	-1
0.01	0.24615384615384617	0.10445114381982622	0	0	0	0	0.17520215633423178	0	0	0	0.13621794871794873	0	0	0.199288256227758	0.12897822445561138	0.15	0.15624999999999997	0	0.25161290322580643	-1
0.01	0.24615384615384617	0.10445114381982622	0.06914893617021277	0	0.14921780986762936	0.13366336633663367	0.17520215633423178	0	0.12060301507537688	0.16216216216216214	0	0.16666666666666666	0	0	0	0.15	0	0	0	-1
0.01	0	0.10445114381982622	0.06914893617021277	0	0.14921780986762936	0	0.17520215633423178	0	0.12060301507537688	0	0	0.16666666666666666	0	0	0.12897822445561138	0.15	0.15624999999999997	0	0.25161290322580643	-1
0.01	0	0.10445114381982622	0	0	0.14921780986762936	0.13366336633663367	0	0.24437299035369775	0	0	0.13621794871794873	0.16666666666666666	0	0.199288256227758	0	0	0	0	0.25161290322580643	-1
0.01	0	0.10445114381982622	0	0	0	0	0.17520215633423178	0	0.12060301507537688	0	0	0.16666666666666666	0.12800300300300302	0.199288256227758	0	0	0	0.11864406779661017	0.25161290322580643	-1
0.01	0.24615384615384617	0	0.06914893617021277	0	0.14921780986762936	0.13366336633663367	0	0	0	0.16216216216216214	0	0.16666666666666666	0	0	0.12897822445561138	0	0	0.11864406779661017	0.25161290322580643	-1
0.01	0	0.10445114381982622	0	0.07174887892376682	0	0	0.17520215633423178	0	0.12060301507537688	0	0	0	0.12800300300300302	0.199288256227758	0	0.15	0	0	0	-1
0.01	0	0.10445114381982622	0	0.07174887892376682	0.14921780986762936	0	0	0.24437299035369775	0	0	0	0.16666666666666666	0	0.199288256227758	0	0	0.15624999999999997	0.11864406779661017	0	-1
0.01	0.24615384615384617	0.10445114381982622	0	0	0	0	0.17520215633423178	0.24437299035369775	0.12060301507537688	0.16216216216216214	0.13621794871794873	0.16666666666666666	0.12800300300300302	0.199288256227758	0.12897822445561138	0	0.15624999999999997	0.11864406779661017	0	-1
0.01	0.24615384615384617	0.10445114381982622	0.06914893617021277	0	0.14921780986762936	0.13366336633663367	0.17520215633423178	0	0.12060301507537688	0	0	0.16666666666666666	0	0	0	0.15	0	0.11864406779661017	0	-1
0.01	0.24615384615384617	0.10445114381982622	0.06914893617021277	0.07174887892376682	0	0	0.17520215633423178	0.24437299035369775	0	0	0	0.16666666666666666	0.12800300300300302	0.199288256227758	0	0.15	0.15624999999999997	0.11864406779661017	0	-1
0.01	0.24615384615384617	0	0.06914893617021277	0.07174887892376682	0.14921780986762936	0	0	0	0	0.16216216216216214	0.13621794871794873	0.16666666666666666	0	0	0.12897822445561138	0.15	0	0	0.25161290322580643	-1
0.01	0.24615384615384617	0.10445114381982622	0	0.07174887892376682	0	0.13366336633663367	0.17520215633423178	0	0	0.16216216216216214	0	0	0.12800300300300302	0.199288256227758	0.12897822445561138	0	0	0	0	-1
0.01	0.24615384615384617	0.10445114381982622	0	0	0.14921780986762936	0	0.17520215633423178	0	0	0.16216216216216214	0	0	0.12800300300300302	0.199288256227758	0	0	0.15624999999999997	0	0	-1
0.01	0.24615384615384617	0	0	0	0.14921780986762936	0.13366336633663367	0	0	0	0	0.13621794871794873	0.16666666666666666	0.12800300300300302	0.199288256227758	0.12897822445561138	0	0.15624999999999997	0.11864406779661017	0.25161290322580643	-1
0.01	0.24615384615384617	0.10445114381982622	0	0	0	0.13366336633663367	0.17520215633423178	0	0	0.16216216216216214	0.13621794871794873	0	0	0	0.12897822445561138	0.15	0.15624999999999997	0.11864406779661017	0.25161290322580643	-1
0.01	0	0.10445114381982622	0.06914893617021277	0	0.14921780986762936	0.13366336633663367	0.17520215633423178	0.24437299035369775	0	0.16216216216216214	0.13621794871794873	0.16666666666666666	0.12800300300300302	0	0.12897822445561138	0.15	0.15624999999999997	0.11864406779661017	0	-1
0.01	0.24615384615384617	0.10445114381982622	0	0.07174887892376682	0	0	0.17520215633423178	0	0	0.16216216216216214	0	0	0	0.199288256227758	0	0	0.15624999999999997	0	0	-1
0.01	0	0.10445114381982622	0.06914893617021277	0.07174887892376682	0.14921780986762936	0	0	0	0.12060301507537688	0	0	0.16666666666666666	0.12800300300300302	0	0	0	0	0	0	-1
0.01	0.24615384615384617	0.10445114381982622	0.06914893617021277	0	0	0	0	0	0	0.16216216216216214	0	0	0	0	0	0	0	0.11864406779661017	0.25161290322580643	-1
0.01	0.24615384615384617	0.10445114381982622	0	0.07174887892376682	0.14921780986762936	0.13366336633663367	0.17520215633423178	0	0	0.16216216216216214	0	0.16666666666666666	0.12800300300300302	0.199288256227758	0	0	0	0	0	-1
0.01	0.24615384615384617	0	0	0	0	0.13366336633663367	0.17520215633423178	0.24437299035369775	0	0.16216216216216214	0.13621794871794873	0.16666666666666666	0.12800300300300302	0	0	0.15	0	0	0	-1
0.01	0.24615384615384617	0	0	0.07174887892376682	0.14921780986762936	0.13366336633663367	0.17520215633423178	0	0	0	0	0.16666666666666666	0.12800300300300302	0	0	0.15	0.15624999999999997	0	0	-1
0.01	0.24615384615384617	0.10445114381982622	0.06914893617021277	0	0.14921780986762936	0	0.17520215633423178	0	0	0	0.13621794871794873	0	0	0.199288256227758	0.12897822445561138	0.15	0	0.11864406779661017	0.25161290322580643	-1
0.01	0.24615384615384617	0	0	0.07174887892376682	0	0.13366336633663367	0.17520215633423178	0.24437299035369775	0.12060301507537688	0	0.13621794871794873	0	0	0	0.12897822445561138	0.15	0	0.11864406779661017	0.25161290322580643	-1
0.01	0	0	0.06914893617021277	0	0.14921780986762936	0	0.17520215633423178	0	0.12060301507537688	0	0	0.16666666666666666	0	0.199288256227758	0	0	0.15624999999999997	0.11864406779661017	0	-1
0.01	0.24615384615384617	0.10445114381982622	0.06914893617021277	0	0.14921780986762936	0.13366336633663367	0	0	0.12060301507537688	0	0.13621794871794873	0	0.12800300300300302	0	0.12897822445561138	0	0.15624999999999997	0	0.25161290322580643	-1
0.01	0.24615384615384617	0	0.06914893617021277	0.07174887892376682	0.14921780986762936	0.13366336633663367	0.17520215633423178	0	0.12060301507537688	0.16216216216216214	0.13621794871794873	0.16666666666666666	0.12800300300300302	0	0.12897822445561138	0.15	0	0	0	-1
0.01	0.24615384615384617	0.10445114381982622	0.06914893617021277	0.07174887892376682	0.14921780986762936	0	0	0	0.12060301507537688	0	0.13621794871794873	0	0.12800300300300302	0.199288256227758	0.12897822445561138	0	0.15624999999999997	0.11864406779661017	0	-1
0.01	0.24615384615384617	0	0	0	0	0.13366336633663367	0.17520215633423178	0.24437299035369775	0	0.16216216216216214	0.13621794871794873	0.16666666666666666	0.12800300300300302	0	0	0.15	0	0	0	-1
0.01	0	0.10445114381982622	0.06914893617021277	0	0	0	0	0	0	0.16216216216216214	0	0	0	0.199288256227758	0.12897822445561138	0.15	0	0	0.25161290322580643	-1
0.01	0.24615384615384617	0.10445114381982622	0	0.07174887892376682	0	0.13366336633663367	0	0.24437299035369775	0.12060301507537688	0	0	0	0	0.199288256227758	0	0.15	0	0.11864406779661017	0	-1
0.01	0.24615384615384617	0	0.06914893617021277	0	0.14921780986762936	0	0	0.24437299035369775	0	0.16216216216216214	0	0	0	0.199288256227758	0.12897822445561138	0	0.15624999999999997	0	0	-1
0.01	0.24615384615384617	0.10445114381982622	0	0	0.14921780986762936	0	0.17520215633423178	0.24437299035369775	0	0	0.13621794871794873	0	0.12800300300300302	0.199288256227758	0.12897822445561138	0	0.15624999999999997	0	0	-1
0.01	0.24615384615384617	0.10445114381982622	0.06914893617021277	0	0.14921780986762936	0.13366336633663367	0	0	0.12060301507537688	0	0.13621794871794873	0.16666666666666666	0.12800300300300302	0.199288256227758	0	0.15	0.15624999999999997	0.11864406779661017	0	-1
0.01	0.24615384615384617	0	0	0.07174887892376682	0.14921780986762936	0.13366336633663367	0.17520215633423178	0	0	0	0.13621794871794873	0	0	0.199288256227758	0.12897822445561138	0	0	0.11864406779661017	0.25161290322580643	-1
0.01	0	0	0	0.07174887892376682	0.14921780986762936	0	0	0	0	0.16216216216216214	0.13621794871794873	0	0.12800300300300302	0.199288256227758	0.12897822445561138	0.15	0	0	0.25161290322580643	-1
0.01	0.24615384615384617	0	0	0.07174887892376682	0	0	0	0	0	0	0.13621794871794873	0	0.12800300300300302	0	0.12897822445561138	0.15	0.15624999999999997	0.11864406779661017	0	-1
0.01	0	0.10445114381982622	0.06914893617021277	0	0	0.13366336633663367	0	0	0	0.16216216216216214	0	0	0.12800300300300302	0.199288256227758	0.12897822445561138	0.15	0.15624999999999997	0	0.25161290322580643	-1
0.01	0	0.10445114381982622	0	0	0.14921780986762936	0	0	0	0	0.16216216216216214	0.13621794871794873	0	0	0	0	0.15	0.15624999999999997	0	0.25161290322580643	-1
0.01	0.24615384615384617	0	0	0	0.14921780986762936	0	0	0	0	0	0	0.16666666666666666	0.12800300300300302	0.199288256227758	0.12897822445561138	0.15	0	0.11864406779661017	0	-1
0.01	0.24615384615384617	0	0.06914893617021277	0	0	0	0.17520215633423178	0	0.12060301507537688	0	0.13621794871794873	0.16666666666666666	0.12800300300300302	0.199288256227758	0	0	0.15624999999999997	0	0	-1
0.01	0.24615384615384617	0.10445114381982622	0.06914893617021277	0.07174887892376682	0.14921780986762936	0.13366336633663367	0	0	0.12060301507537688	0	0.13621794871794873	0.16666666666666666	0.12800300300300302	0	0.12897822445561138	0	0	0.11864406779661017	0	-1
0.01	0.24615384615384617	0.10445114381982622	0.06914893617021277	0.07174887892376682	0	0	0.17520215633423178	0	0	0	0	0.16666666666666666	0	0	0.12897822445561138	0	0.15624999999999997	0	0.25161290322580643	-1
0.01	0.24615384615384617	0	0.06914893617021277	0	0.14921780986762936	0.13366336633663367	0	0	0	0.16216216216216214	0.13621794871794873	0.16666666666666666	0.12800300300300302	0.199288256227758	0.12897822445561138	0	0	0	0	-1
0.01	0.24615384615384617	0.10445114381982622	0	0	0.14921780986762936	0.13366336633663367	0.17520215633423178	0	0	0	0	0.16666666666666666	0	0.199288256227758	0.12897822445561138	0	0	0.11864406779661017	0	-1
0.01	0.24615384615384617	0	0.06914893617021277	0	0	0.13366336633663367	0	0.24437299035369775	0	0	0	0.16666666666666666	0.12800300300300302	0	0.12897822445561138	0	0	0	0	-1
0.01	0	0.10445114381982622	0.06914893617021277	0.07174887892376682	0.14921780986762936	0	0.17520215633423178	0.24437299035369775	0	0	0.13621794871794873	0.16666666666666666	0.12800300300300302	0	0	0.15	0.15624999999999997	0.11864406779661017	0	-1
0.01	0.24615384615384617	0.10445114381982622	0	0.07174887892376682	0.14921780986762936	0	0	0	0	0.16216216216216214	0.13621794871794873	0	0	0	0	0.15	0.15624999999999997	0.11864406779661017	0.25161290322580643	-1
0.01	0.24615384615384617	0.10445114381982622	0.06914893617021277	0	0	0.13366336633663367	0	0	0	0.16216216216216214	0.13621794871794873	0	0	0	0	0.15	0	0.11864406779661017	0.25161290322580643	-1
0.01	0	0	0.06914893617021277	0	0.14921780986762936	0.13366336633663367	0	0.24437299035369775	0	0.16216216216216214	0	0	0	0.199288256227758	0	0	0.15624999999999997	0.11864406779661017	0	-1
0.01	0.24615384615384617	0.10445114381982622	0.06914893617021277	0.07174887892376682	0	0	0.17520215633423178	0.24437299035369775	0	0	0	0.16666666666666666	0.12800300300300302	0.199288256227758	0	0.15	0.15624999999999997	0.11864406779661017	0	-1
0.01	0.24615384615384617	0.10445114381982622	0.06914893617021277	0	0	0	0.17520215633423178	0	0.12060301507537688	0	0	0.16666666666666666	0	0	0.12897822445561138	0.15	0	0	0.25161290322580643	-1
0.01	0.24615384615384617	0.10445114381982622	0.06914893617021277	0	0.14921780986762936	0	0.17520215633423178	0.24437299035369775	0	0.16216216216216214	0	0	0	0	0	0.15	0.15624999999999997	0.11864406779661017	0.25161290322580643	-1
0.01	0.24615384615384617	0.10445114381982622	0	0	0	0.13366336633663367	0.17520215633423178	0	0	0	0	0	0	0	0	0	0.15624999999999997	0	0.25161290322580643	-1
0.01	0.24615384615384617	0.10445114381982622	0.06914893617021277	0.07174887892376682	0	0.13366336633663367	0.17520215633423178	0.24437299035369775	0.12060301507537688	0	0	0	0.12800300300300302	0.199288256227758	0.12897822445561138	0	0	0	0	-1
0.01	0.24615384615384617	0.10445114381982622	0	0	0.14921780986762936	0	0.17520215633423178	0.24437299035369775	0	0	0.13621794871794873	0	0.12800300300300302	0.199288256227758	0.12897822445561138	0.15	0.15624999999999997	0	0	-1
0.01	0.24615384615384617	0.10445114381982622	0	0	0	0.13366336633663367	0.17520215633423178	0.24437299035369775	0	0.16216216216216214	0.13621794871794873	0.16666666666666666	0	0	0.12897822445561138	0.15	0.15624999999999997	0	0	-1
0.01	0.24615384615384617	0.10445114381982622	0	0	0.14921780986762936	0.13366336633663367	0	0.24437299035369775	0.12060301507537688	0.16216216216216214	0.13621794871794873	0	0	0.199288256227758	0.12897822445561138	0	0.15624999999999997	0.11864406779661017	0.25161290322580643	-1
0.01	0.24615384615384617	0	0.06914893617021277	0.07174887892376682	0.14921780986762936	0.13366336633663367	0.17520215633423178	0	0	0.16216216216216214	0	0.16666666666666666	0	0	0.12897822445561138	0	0	0	0	-1
0.01	0.24615384615384617	0	0	0.07174887892376682	0.14921780986762936	0	0.17520215633423178	0	0	0	0	0	0	0.199288256227758	0.12897822445561138	0.15	0.15624999999999997	0	0.25161290322580643	-1
0.01	0	0.10445114381982622	0	0	0	0	0.17520215633423178	0	0	0.16216216216216214	0.13621794871794873	0.16666666666666666	0	0.199288256227758	0.12897822445561138	0.15	0	0.11864406779661017	0	-1
0.01	0.24615384615384617	0.10445114381982622	0.06914893617021277	0	0	0.13366336633663367	0.17520215633423178	0	0.12060301507537688	0	0.13621794871794873	0	0.12800300300300302	0.199288256227758	0.12897822445561138	0.15	0.15624999999999997	0	0.25161290322580643	-1
0.01	0.24615384615384617	0.10445114381982622	0	0.07174887892376682	0	0.13366336633663367	0.17520215633423178	0.24437299035369775	0.12060301507537688	0.16216216216216214	0.13621794871794873	0	0	0.199288256227758	0.12897822445561138	0.15	0	0	0.25161290322580643	-1
0.01	0.24615384615384617	0	0	0.07174887892376682	0	0	0	0.24437299035369775	0.12060301507537688	0.16216216216216214	0.13621794871794873	0	0.12800300300300302	0.199288256227758	0	0	0	0	0	-1
0.01	0	0.10445114381982622	0	0	0.14921780986762936	0	0	0.24437299035369775	0	0	0.13621794871794873	0.16666666666666666	0	0.199288256227758	0.12897822445561138	0	0.15624999999999997	0	0.25161290322580643	-1
0.01	0.24615384615384617	0	0.06914893617021277	0.07174887892376682	0.14921780986762936	0	0	0.24437299035369775	0	0.16216216216216214	0.13621794871794873	0	0	0.199288256227758	0	0.15	0	0.11864406779661017	0.25161290322580643	-1
0.01	0	0.10445114381982622	0.06914893617021277	0	0.14921780986762936	0	0	0	0	0.16216216216216214	0	0.16666666666666666	0.12800300300300302	0.199288256227758	0.12897822445561138	0	0	0.11864406779661017	0	-1
0.01	0.24615384615384617	0.10445114381982622	0	0	0	0	0	0.24437299035369775	0	0.16216216216216214	0.13621794871794873	0.16666666666666666	0	0.199288256227758	0	0.15	0.15624999999999997	0	0	-1
0.01	0.24615384615384617	0.10445114381982622	0.06914893617021277	0.07174887892376682	0	0	0	0.24437299035369775	0	0	0	0	0.12800300300300302	0	0	0.15	0	0	0.25161290322580643	-1
0.01	0	0	0.06914893617021277	0	0.14921780986762936	0.13366336633663367	0	0	0	0.16216216216216214	0.13621794871794873	0	0.12800300300300302	0	0.12897822445561138	0.15	0.15624999999999997	0	0.25161290322580643	-1
0.01	0	0.10445114381982622	0	0.07174887892376682	0.14921780986762936	0	0.17520215633423178	0	0	0	0	0.16666666666666666	0.12800300300300302	0	0.12897822445561138	0.15	0.15624999999999997	0	0	-1
0.01	0.24615384615384617	0.10445114381982622	0	0.07174887892376682	0.14921780986762936	0	0.17520215633423178	0.24437299035369775	0	0	0	0	0.12800300300300302	0.199288256227758	0	0	0	0	0.25161290322580643	-1
0.01	0.24615384615384617	0.10445114381982622	0	0.07174887892376682	0	0.13366336633663367	0.17520215633423178	0	0	0	0.13621794871794873	0.16666666666666666	0.12800300300300302	0	0.12897822445561138	0	0.15624999999999997	0.11864406779661017	0	-1
0.01	0.24615384615384617	0.10445114381982622	0	0	0	0.13366336633663367	0	0.24437299035369775	0	0.16216216216216214	0.13621794871794873	0.16666666666666666	0.12800300300300302	0	0.12897822445561138	0	0.15624999999999997	0	0	-1
0.01	0.24615384615384617	0.10445114381982622	0.06914893617021277	0	0	0	0.17520215633423178	0	0.12060301507537688	0.16216216216216214	0	0	0	0.199288256227758	0.12897822445561138	0.15	0	0	0	-1
0.01	0.24615384615384617	0.10445114381982622	0.06914893617021277	0.07174887892376682	0	0	0.17520215633423178	0.24437299035369775	0	0	0	0.16666666666666666	0.12800300300300302	0.199288256227758	0	0.15	0.15624999999999997	0.11864406779661017	0	-1
0.01	0	0	0	0	0	0.13366336633663367	0.17520215633423178	0	0	0	0.13621794871794873	0	0.12800300300300302	0.199288256227758	0.12897822445561138	0.15	0.15624999999999997	0.11864406779661017	0	-1
0.01	0.24615384615384617	0.10445114381982622	0.06914893617021277	0.07174887892376682	0	0	0.17520215633423178	0.24437299035369775	0.12060301507537688	0	0.13621794871794873	0	0.12800300300300302	0	0	0	0.15624999999999997	0	0.25161290322580643	-1
0.01	0.24615384615384617	0	0	0	0	0	0	0.24437299035369775	0.12060301507537688	0.16216216216216214	0	0	0	0.199288256227758	0	0.15	0	0.11864406779661017	0	-1
0.01	0	0	0.06914893617021277	0	0	0.13366336633663367	0	0.24437299035369775	0	0.16216216216216214	0	0	0.12800300300300302	0	0.12897822445561138	0.15	0.15624999999999997	0	0	-1
0.01	0	0	0	0.07174887892376682	0.14921780986762936	0	0	0.24437299035369775	0	0	0	0.16666666666666666	0	0	0.12897822445561138	0.15	0	0.11864406779661017	0	-1
0.01	0	0	0	0.07174887892376682	0.14921780986762936	0	0	0.24437299035369775	0	0.16216216216216214	0.13621794871794873	0.16666666666666666	0.12800300300300302	0	0	0.15	0.15624999999999997	0.11864406779661017	0.25161290322580643	-1
0.01	0	0	0	0	0.14921780986762936	0.13366336633663367	0	0	0	0	0.13621794871794873	0.16666666666666666	0.12800300300300302	0.199288256227758	0.12897822445561138	0	0.15624999999999997	0.11864406779661017	0.25161290322580643	-1
0.01	0	0.10445114381982622	0.06914893617021277	0	0.14921780986762936	0.13366336633663367	0	0	0	0	0.13621794871794873	0.16666666666666666	0	0	0	0	0.15624999999999997	0.11864406779661017	0.25161290322580643	-1
0.01	0.24615384615384617	0	0.06914893617021277	0.07174887892376682	0.14921780986762936	0.13366336633663367	0.17520215633423178	0.24437299035369775	0.12060301507537688	0	0	0	0.12800300300300302	0	0.12897822445561138	0	0.15624999999999997	0.11864406779661017	0	-1
0.01	0.24615384615384617	0	0	0	0.14921780986762936	0	0.17520215633423178	0.24437299035369775	0.12060301507537688	0	0.13621794871794873	0	0.12800300300300302	0.199288256227758	0	0	0.15624999999999997	0.11864406779661017	0	-1
0.01	0.24615384615384617	0.10445114381982622	0	0	0.14921780986762936	0	0	0.24437299035369775	0	0	0	0.16666666666666666	0	0	0.12897822445561138	0	0.15624999999999997	0	0	-1
0.01	0	0	0	0	0	0.13366336633663367	0	0.24437299035369775	0.12060301507537688	0.16216216216216214	0	0.16666666666666666	0.12800300300300302	0.199288256227758	0	0.15	0	0.11864406779661017	0.25161290322580643	-1
0.01	0.24615384615384617	0.10445114381982622	0.06914893617021277	0.07174887892376682	0.14921780986762936	0	0.17520215633423178	0.24437299035369775	0.12060301507537688	0.16216216216216214	0.13621794871794873	0	0	0.199288256227758	0	0	0	0	0	-1
0.01	0.24615384615384617	0.10445114381982622	0	0	0	0	0	0.24437299035369775	0	0	0.13621794871794873	0	0	0	0.12897822445561138	0	0	0.11864406779661017	0.25161290322580643	-1
0.01	0.24615384615384617	0	0	0.07174887892376682	0.14921780986762936	0.13366336633663367	0	0	0	0.16216216216216214	0.13621794871794873	0.16666666666666666	0.12800300300300302	0	0.12897822445561138	0	0	0	0	-1
0.01	0	0	0.06914893617021277	0.07174887892376682	0.14921780986762936	0	0	0	0.12060301507537688	0	0.13621794871794873	0	0	0.199288256227758	0.12897822445561138	0.15	0	0.11864406779661017	0	-1
0.01	0.24615384615384617	0	0	0.07174887892376682	0	0.13366336633663367	0	0.24437299035369775	0	0	0.13621794871794873	0	0.12800300300300302	0	0	0	0.15624999999999997	0.11864406779661017	0	-1
0.01	0.24615384615384617	0	0	0	0	0	0	0.24437299035369775	0	0	0	0.16666666666666666	0.12800300300300302	0.199288256227758	0.12897822445561138	0	0	0.11864406779661017	0	-1
0.01	0.24615384615384617	0.10445114381982622	0.06914893617021277	0.07174887892376682	0	0.13366336633663367	0	0	0	0.16216216216216214	0	0	0.12800300300300302	0.199288256227758	0	0	0.15624999999999997	0	0	-1
0.01	0	0.10445114381982622	0.06914893617021277	0.07174887892376682	0.14921780986762936	0	0	0	0.12060301507537688	0	0	0.16666666666666666	0.12800300300300302	0	0	0	0	0	0	-1
0.01	0.24615384615384617	0.10445114381982622	0.06914893617021277	0.07174887892376682	0	0	0	0	0.12060301507537688	0.16216216216216214	0	0.16666666666666666	0	0.199288256227758	0.12897822445561138	0.15	0.15624999999999997	0.11864406779661017	0	-1
0.01	0.24615384615384617	0	0	0	0.14921780986762936	0	0	0.24437299035369775	0.12060301507537688	0	0	0	0.12800300300300302	0.199288256227758	0.12897822445561138	0	0	0.11864406779661017	0.25161290322580643	-1
0.01	0.24615384615384617	0	0	0	0	0.13366336633663367	0.17520215633423178	0.24437299035369775	0	0.16216216216216214	0.13621794871794873	0.16666666666666666	0.12800300300300302	0	0	0.15	0	0	0	-1
0.01	0.24615384615384617	0.10445114381982622	0	0	0	0	0	0.24437299035369775	0	0	0	0.16666666666666666	0.12800300300300302	0	0.12897822445561138	0.15	0	0.11864406779661017	0	-1
0.01	0.24615384615384617	0.10445114381982622	0	0.07174887892376682	0.14921780986762936	0	0	0	0.12060301507537688	0	0.13621794871794873	0	0	0.199288256227758	0	0	0.15624999999999997	0.11864406779661017	0	-1
0.01	0	0.10445114381982622	0.06914893617021277	0.07174887892376682	0.14921780986762936	0	0	0.24437299035369775	0	0	0.13621794871794873	0.16666666666666666	0	0	0.12897822445561138	0.15	0.15624999999999997	0.11864406779661017	0.25161290322580643	-1
0.01	0.24615384615384617	0.10445114381982622	0.06914893617021277	0	0	0.13366336633663367	0	0.24437299035369775	0	0	0	0.16666666666666666	0	0	0.12897822445561138	0	0	0.11864406779661017	0.25161290322580643	-1
0.01	0.24615384615384617	0	0	0.07174887892376682	0.14921780986762936	0.13366336633663367	0	0.24437299035369775	0	0.16216216216216214	0.13621794871794873	0	0.12800300300300302	0	0	0.15	0.15624999999999997	0.11864406779661017	0.25161290322580643	-1
0.01	0	0.10445114381982622	0	0	0	0	0.17520215633423178	0.24437299035369775	0	0	0	0	0	0.199288256227758	0.12897822445561138	0.15	0.15624999999999997	0	0	-1
0.01	0	0.10445114381982622	0	0	0.14921780986762936	0	0	0.24437299035369775	0	0	0.13621794871794873	0.16666666666666666	0	0.199288256227758	0.12897822445561138	0	0.15624999999999997	0	0.25161290322580643	-1
0.01	0.24615384615384617	0	0	0	0	0	0.17520215633423178	0	0	0.16216216216216214	0	0.16666666666666666	0.12800300300300302	0.199288256227758	0	0	0.15624999999999997	0	0	-1
0.01	0.24615384615384617	0.10445114381982622	0.06914893617021277	0	0.14921780986762936	0	0.17520215633423178	0	0	0	0.13621794871794873	0	0	0.199288256227758	0.12897822445561138	0.15	0	0.11864406779661017	0.25161290322580643	-1
0.01	0.24615384615384617	0	0	0	0.14921780986762936	0	0.17520215633423178	0.24437299035369775	0.12060301507537688	0.16216216216216214	0.13621794871794873	0	0	0.199288256227758	0	0.15	0.15624999999999997	0.11864406779661017	0	-1
0.01	0.24615384615384617	0.10445114381982622	0.06914893617021277	0	0	0.13366336633663367	0.17520215633423178	0	0.12060301507537688	0	0	0.16666666666666666	0	0	0.12897822445561138	0.15	0	0.11864406779661017	0	-1
0.01	0.24615384615384617	0	0	0.07174887892376682	0.14921780986762936	0.13366336633663367	0.17520215633423178	0.24437299035369775	0	0	0	0.16666666666666666	0	0	0	0	0	0.11864406779661017	0.25161290322580643	-1
0.01	0	0.10445114381982622	0.06914893617021277	0	0	0.13366336633663367	0.17520215633423178	0	0.12060301507537688	0	0	0.16666666666666666	0	0	0.12897822445561138	0.15	0	0.11864406779661017	0	-1
0.01	0.24615384615384617	0	0	0	0	0.13366336633663367	0	0	0.12060301507537688	0	0	0	0.12800300300300302	0	0	0.15	0.15624999999999997	0.11864406779661017	0	-1
0.01	0.24615384615384617	0.10445114381982622	0	0	0	0.13366336633663367	0.17520215633423178	0	0.12060301507537688	0	0.13621794871794873	0	0	0.199288256227758	0	0	0.15624999999999997	0.11864406779661017	0	-1
0.01	0.24615384615384617	0.10445114381982622	0	0	0.14921780986762936	0	0	0	0.12060301507537688	0.16216216216216214	0	0.16666666666666666	0.12800300300300302	0	0	0.15	0.15624999999999997	0.11864406779661017	0	-1
0.01	0	0	0	0	0.14921780986762936	0	0	0.24437299035369775	0	0	0	0.16666666666666666	0	0	0.12897822445561138	0.15	0.15624999999999997	0	0.25161290322580643	-1
0.01	0.24615384615384617	0.10445114381982622	0.06914893617021277	0	0	0.13366336633663367	0.17520215633423178	0	0.12060301507537688	0.16216216216216214	0.13621794871794873	0	0.12800300300300302	0.199288256227758	0.12897822445561138	0	0	0	0	-1
0.01	0	0.10445114381982622	0.06914893617021277	0.07174887892376682	0	0.13366336633663367	0	0	0.12060301507537688	0.16216216216216214	0.13621794871794873	0.16666666666666666	0.12800300300300302	0	0.12897822445561138	0.15	0.15624999999999997	0.11864406779661017	0.25161290322580643	-1
0.01	0.24615384615384617	0	0	0	0.14921780986762936	0.13366336633663367	0	0	0.12060301507537688	0	0	0	0.12800300300300302	0	0	0.15	0.15624999999999997	0	0.25161290322580643	-1
0.01	0.24615384615384617	0.10445114381982622	0	0.07174887892376682	0	0.13366336633663367	0	0.24437299035369775	0	0	0	0.16666666666666666	0.12800300300300302	0	0.12897822445561138	0.15	0	0	0	-1
0.01	0	0	0	0	0.14921780986762936	0.13366336633663367	0	0.24437299035369775	0	0	0	0	0.12800300300300302	0.199288256227758	0.12897822445561138	0.15	0.15624999999999997	0	0.25161290322580643	-1
0.01	0.24615384615384617	0.10445114381982622	0	0	0.14921780986762936	0	0	0.24437299035369775	0	0.16216216216216214	0.13621794871794873	0.16666666666666666	0.12800300300300302	0	0.12897822445561138	0	0.15624999999999997	0.11864406779661017	0.25161290322580643	-1
0.01	0.24615384615384617	0.10445114381982622	0.06914893617021277	0.07174887892376682	0	0	0	0	0.12060301507537688	0.16216216216216214	0	0.16666666666666666	0	0.199288256227758	0.12897822445561138	0.15	0.15624999999999997	0.11864406779661017	0	-1
0.01	0.24615384615384617	0	0	0.07174887892376682	0.14921780986762936	0.13366336633663367	0.17520215633423178	0	0	0	0.13621794871794873	0	0	0.199288256227758	0.12897822445561138	0	0	0.11864406779661017	0.25161290322580643	-1
0.01	0.24615384615384617	0	0	0.07174887892376682	0.14921780986762936	0.13366336633663367	0	0.24437299035369775	0.12060301507537688	0.16216216216216214	0	0	0.12800300300300302	0.199288256227758	0.12897822445561138	0	0	0.11864406779661017	0.25161290322580643	-1
0.01	0.24615384615384617	0	0	0.07174887892376682	0.14921780986762936	0.13366336633663367	0	0.24437299035369775	0.12060301507537688	0.16216216216216214	0	0	0.12800300300300302	0.199288256227758	0.12897822445561138	0	0	0.11864406779661017	0.25161290322580643	-1
0.01	0	0.10445114381982622	0	0	0	0	0.17520215633423178	0	0	0.16216216216216214	0.13621794871794873	0.16666666666666666	0	0.199288256227758	0.12897822445561138	0.15	0	0.11864406779661017	0	-1
0.01	0.24615384615384617	0	0.06914893617021277	0	0	0	0	0	0.12060301507537688	0	0.13621794871794873	0.16666666666666666	0.12800300300300302	0	0.12897822445561138	0	0.15624999999999997	0.11864406779661017	0	-1
0.01	0.24615384615384617	0.10445114381982622	0.06914893617021277	0.07174887892376682	0	0	0.17520215633423178	0.24437299035369775	0	0	0	0.16666666666666666	0.12800300300300302	0.199288256227758	0	0.15	0.15624999999999997	0.11864406779661017	0	-1
