0.01	0	0	0	0	0	0	0	0.18181818181818185	0	0	0	0	0	0	0	0	0	0	1
0.01	0.2510373443983402	0.29411764705882354	0.3254437869822485	0	0	0	0	0	0	0	0	0	0	0	0	0	0.24683544303797472	0	1
0.01	0.2510373443983402	0	0	0	0	0	0	0	0	0	0	0	0	0	0	0	0	0	1
0.01	0	0	0	0.4166666666666667	0	0	0	0.18181818181818185	0	0	0	0	0	0	0	0	0	0.5	1
0.01	0.2510373443983402	0	0.3254437869822485	0	0	0.11678832116788322	0.27272727272727276	0	0	0	0	0	0	0.40314136125654443	0.23076923076923078	0.4878048780487805	0.24683544303797472	0.5	1
0.01	0	0	0.3254437869822485	0	0	0	0	0	0	0	0	0.728	0	0	0	0	0	0.5	1
0.01	0	0	0.3254437869822485	0.4166666666666667	0	0	0.27272727272727276	0	0	0	0	0	0	0	0	0	0	0	1
0.01	0.2510373443983402	0.29411764705882354	0	0.4166666666666667	0	0	0	0	0	0	0.19999999999999998	0	0	0	0	0	0	0	1
0.01	0	0	0	0.4166666666666667	0	0	0	0	0	0	0.19999999999999998	0	0	0.40314136125654443	0.23076923076923078	0.4878048780487805	0.24683544303797472	0	1
0.01	0.2510373443983402	0.29411764705882354	0.3254437869822485	0	0.6049382716049383	0	0	0	0	0	0.19999999999999998	0	0	0.40314136125654443	0	0.4878048780487805	0.24683544303797472	0	1
0.01	0	0	0	0	0.6049382716049383	0	0.27272727272727276	0	0	0.234375	0.19999999999999998	0	0	0	0	0	0	0.5	1
0.01	0.2510373443983402	0	0	0	0	0	0	0.18181818181818185	0.2222222222222222	0	0.19999999999999998	0	0.26666666666666666	0	0.23076923076923078	0	0.24683544303797472	0	1
0.01	0.2510373443983402	0.29411764705882354	0.3254437869822485	0	0	0	0	0.18181818181818185	0.2222222222222222	0.234375	0.19999999999999998	0	0.26666666666666666	0	0	0.4878048780487805	0.24683544303797472	0	1
0.01	0.2510373443983402	0	0	0	0	0	0	0	0	0	0	0	0	0	0	0	0	0	1
0.01	0	0	0	0	0	0	0.27272727272727276	0.18181818181818185	0	0.234375	0.19999999999999998	0	0	0.40314136125654443	0	0	0	0.5	1
0.01	0.2510373443983402	0.29411764705882354	0	0	0	0.11678832116788322	0.27272727272727276	0	0.2222222222222222	0	0	0.728	0.26666666666666666	0.40314136125654443	0	0.4878048780487805	0	0.5	1
0.01	0.2510373443983402	0.29411764705882354	0.3254437869822485	0	0	0	0	0	0.2222222222222222	0	0	0	0	0.40314136125654443	0	0	0	0	1
0.01	0.2510373443983402	0	0.3254437869822485	0.4166666666666667	0.6049382716049383	0	0	0	0	0	0	0	0	0.40314136125654443	0	0	0	0.5	1
0.01	0	0	0	0	0	0	0	0	0	0	0.19999999999999998	0	0	0	0	0	0	0.5	1
0.01	0.2510373443983402	0.29411764705882354	0.3254437869822485	0	0	0.11678832116788322	0	0	0	0	0	0	0	0	0	0	0.24683544303797472	0.5	1
0.01	0.2510373443983402	0	0	0	0	0	0	0	0	0.234375	0	0	0	0	0	0.4878048780487805	0	0	1
0.01	0.2510373443983402	0.29411764705882354	0.3254437869822485	0.4166666666666667	0.6049382716049383	0.11678832116788322	0	0	0	0.234375	0.19999999999999998	0	0	0	0	0.4878048780487805	0.24683544303797472	0	1
0.01	0.2510373443983402	0	0.3254437869822485	0.4166666666666667	0	0	0.27272727272727276	0.18181818181818185	0.2222222222222222	0.234375	0	0	0	0	0	0	0.24683544303797472	0.5	1
0.01	0	0.29411764705882354	0.3254437869822485	0	0	0	0	0	0	0	0.19999999999999998	0	0.26666666666666666	0	0.23076923076923078	0.4878048780487805	0	0.5	1
0.01	0.2510373443983402	0.29411764705882354	0.3254437869822485	0.4166666666666667	0	0.11678832116788322	0	0	0	0	0	0	0	0	0	0.4878048780487805	0	0.5	1
0.01	0.2510373443983402	0	0	0	0	0	0	0	0	0	0.19999999999999998	0	0	0	0	0	0.24683544303797472	0	1
0.01	0	0	0.3254437869822485	0	0	0	0	0	0.2222222222222222	0.234375	0.19999999999999998	0.728	0.26666666666666666	0.40314136125654443	0.23076923076923078	0.4878048780487805	0.24683544303797472	0	1
0.01	0	0	0	0.4166666666666667	0	0	0	0	0.2222222222222222	0.234375	0	0	0	0	0	0.4878048780487805	0.24683544303797472	0.5	1
0.01	0.2510373443983402	0	0.3254437869822485	0	0	0	0	0	0	0	0.19999999999999998	0	0	0	0.23076923076923078	0.4878048780487805	0.24683544303797472	0	1
0.01	0.2510373443983402	0	0	0	0	0	0	0	0	0	0	0	0.26666666666666666	0	0	0.4878048780487805	0.24683544303797472	0.5	1
0.01	0.2510373443983402	0	0.3254437869822485	0.4166666666666667	0	0	0	0	0.2222222222222222	0	0	0.728	0	0	0	0	0	0	1
0.01	0.2510373443983402	0.29411764705882354	0.3254437869822485	0	0	0	0	0	0	0	0	0	0	0	0.23076923076923078	0	0	0	1
0.01	0.2510373443983402	0	0.3254437869822485	0	0	0	0.27272727272727276	0.18181818181818185	0.2222222222222222	0	0	0	0	0	0	0.4878048780487805	0	0	1
0.01	0	0	0.3254437869822485	0	0	0.11678832116788322	0.27272727272727276	0.18181818181818185	0.2222222222222222	0.234375	0	0	0	0	0	0	0.24683544303797472	0.5	1
0.01	0	0	0.3254437869822485	0	0	0	0.27272727272727276	0	0	0	0	0	0	0	0	0	0.24683544303797472	0.5	1
0.01	0.2510373443983402	0	0	0.4166666666666667	0	0	0	0.18181818181818185	0	0	0.19999999999999998	0	0.26666666666666666	0	0	0	0	0	1
0.01	0.2510373443983402	0.29411764705882354	0.3254437869822485	0	0	0.11678832116788322	0.27272727272727276	0.18181818181818185	0	0.234375	0	0	0	0.40314136125654443	0	0	0	0.5	1
0.01	0	0	0.3254437869822485	0	0	0	0.27272727272727276	0.18181818181818185	0	0.234375	0	0	0	0.40314136125654443	0	0	0	0	1
0.01	0	0	0	0	0	0	0	0	0.2222222222222222	0.234375	0.19999999999999998	0.728	0	0.40314136125654443	0	0.4878048780487805	0	0.5	1
0.01	0	0	0	0.4166666666666667	0	0.11678832116788322	0	0	0	0	0.19999999999999998	0.728	0.26666666666666666	0.40314136125654443	0	0	0	0.5	1
0.01	0.2510373443983402	0.29411764705882354	0.3254437869822485	0.4166666666666667	0	0	0	0	0	0	0	0	0.26666666666666666	0	0	0.4878048780487805	0	0	1
0.01	0.2510373443983402	0	0.3254437869822485	0	0	0	0	0.18181818181818185	0	0	0.19999999999999998	0	0.26666666666666666	0.40314136125654443	0.23076923076923078	0	0	0.5	1
0.01	0.2510373443983402	0.29411764705882354	0	0	0	0	0	0	0	0	0	0.728	0	0.40314136125654443	0	0.4878048780487805	0	0	1
0.01	0	0	0	0.4166666666666667	0	0	0	0.18181818181818185	0	0.234375	0	0	0	0	0	0	0.24683544303797472	0	1
0.01	0.2510373443983402	0	0	0	0	0	0	0	0	0	0	0	0	0	0	0.4878048780487805	0	0	1
0.01	0.2510373443983402	0	0	0	0	0	0	0	0	0	0	0	0	0	0	0	0	0	1
0.01	0.2510373443983402	0	0	0.4166666666666667	0	0	0	0	0	0	0.19999999999999998	0	0	0	0	0	0.24683544303797472	0	1
0.01	0.2510373443983402	0.29411764705882354	0.3254437869822485	0.4166666666666667	0.6049382716049383	0	0	0	0	0.234375	0.19999999999999998	0	0.26666666666666666	0	0	0	0	0.5	1
0.01	0	0	0	0	0	0.11678832116788322	0.27272727272727276	0	0	0	0	0	0	0.40314136125654443	0.23076923076923078	0	0	0	1
0.01	0.2510373443983402	0	0	0.4166666666666667	0	0	0	0	0	0.234375	0.19999999999999998	0.728	0.26666666666666666	0	0	0.4878048780487805	0	0	1
0.01	0	0	0.3254437869822485	0	0	0	0	0.18181818181818185	0	0	0	0	0	0.40314136125654443	0	0	0	0	1
0.01	0	0	0	0.4166666666666667	0.6049382716049383	0	0	0	0	0	0.19999999999999998	0	0	0	0	0.4878048780487805	0.24683544303797472	0.5	1
0.01	0.2510373443983402	0	0	0	0	0	0	0	0	0	0.19999999999999998	0.728	0	0	0	0	0	0	1
0.01	0.2510373443983402	0.29411764705882354	0.3254437869822485	0	0	0	0	0	0	0	0	0.728	0	0	0	0	0	0.5	1
0.01	0	0	0	0	0	0	0	0	0.2222222222222222	0	0	0	0	0	0	0	0	0	1
0.01	0.2510373443983402	0	0	0	0	0	0	0	0	0	0	0	0	0	0	0	0	0	1
0.01	0.2510373443983402	0.29411764705882354	0.3254437869822485	0	0	0	0	0.18181818181818185	0	0	0	0	0.26666666666666666	0	0	0	0	0	1
0.01	0.2510373443983402	0.29411764705882354	0.3254437869822485	0	0	0	0	0	0	0	0.19999999999999998	0.728	0.26666666666666666	0	0	0	0	0	1
0.01	0	0	0	0	0	0	0	0	0	0	0	0	0.26666666666666666	0	0	0	0	0	1
0.01	0.2510373443983402	0.29411764705882354	0	0	0	0	0	0	0	0	0	0.728	0.26666666666666666	0	0	0.4878048780487805	0.24683544303797472	0.5	1
0.01	0.2510373443983402	0	0.3254437869822485	0.4166666666666667	0	0.11678832116788322	0	0	0.2222222222222222	0	0	0.728	0	0	0.23076923076923078	0	0	0	1
0.01	0.2510373443983402	0	0	0.4166666666666667	0	0	0	0.18181818181818185	0.2222222222222222	0.234375	0.19999999999999998	0	0.26666666666666666	0.40314136125654443	0	0.4878048780487805	0.24683544303797472	0	1
0.01	0	0.29411764705882354	0.3254437869822485	0	0	0	0	0	0	0.234375	0	0	0	0.40314136125654443	0	0	0.24683544303797472	0	1
0.01	0	0	0	0	0	0	0	0.18181818181818185	0	0.234375	0	0.728	0	0	0	0	0	0	1
0.01	0	0	0	0	0	0	0	0.18181818181818185	0	0	0	0	0.26666666666666666	0	0	0	0	0.5	1
0.01	0.2510373443983402	0	0	0	0	0	0	0	0	0	0	0.728	0	0	0	0	0	0	1
0.01	0.2510373443983402	0.29411764705882354	0.3254437869822485	0	0	0.11678832116788322	0	0	0	0	0	0	0	0	0	0	0	0	1
0.01	0.2510373443983402	0.29411764705882354	0	0.4166666666666667	0	0	0.27272727272727276	0.18181818181818185	0	0	0.19999999999999998	0	0	0.40314136125654443	0	0	0	0.5	1
0.01	0.2510373443983402	0	0	0	0	0	0.27272727272727276	0	0	0.234375	0	0	0	0	0	0	0	0.5	1
0.01	0	0	0.3254437869822485	0	0	0	0	0	0	0	0	0	0.26666666666666666	0	0.23076923076923078	0	0	0	1
0.01	0.2510373443983402	0	0	0	0	0	0	0	0	0	0	0	0	0	0	0	0	0	1
0.01	0.2510373443983402	0	0	0	0	0	0	0	0	0	0	0	0	0	0	0	0	0	1
0.01	0.2510373443983402	0	0.3254437869822485	0	0.6049382716049383	0.11678832116788322	0	0	0	0.234375	0.19999999999999998	0	0.26666666666666666	0	0.23076923076923078	0.4878048780487805	0.24683544303797472	0	1
0.01	0.2510373443983402	0	0	0	0	0	0	0	0	0	0	0	0.26666666666666666	0	0	0	0	0	1
0.01	0	0.29411764705882354	0.3254437869822485	0	0	0	0.27272727272727276	0.18181818181818185	0.2222222222222222	0.234375	0	0.728	0.26666666666666666	0	0	0.4878048780487805	0.24683544303797472	0	1
0.01	0	0	0.3254437869822485	0.4166666666666667	0	0.11678832116788322	0.27272727272727276	0.18181818181818185	0.2222222222222222	0	0.19999999999999998	0	0	0	0	0	0	0	1
0.01	0.2510373443983402	0	0.3254437869822485	0.4166666666666667	0	0	0	0	0.2222222222222222	0	0	0	0	0.40314136125654443	0	0	0	0	1
0.01	0.2510373443983402	0	0	0.4166666666666667	0	0	0	0.18181818181818185	0.2222222222222222	0	0.19999999999999998	0.728	0	0.40314136125654443	0	0	0	0.5	1
0.01	0.2510373443983402	0.29411764705882354	0.3254437869822485	0.4166666666666667	0	0	0	0	0	0	0	0.728	0.26666666666666666	0.40314136125654443	0	0	0	0	1
0.01	0	0	0.3254437869822485	0	0	0.11678832116788322	0.27272727272727276	0	0	0	0	0	0	0	0	0	0	0.5	1
0.01	0.2510373443983402	0.29411764705882354	0	0.4166666666666667	0	0	0	0	0	0	0	0	0	0.40314136125654443	0	0	0.24683544303797472	0.5	1
0.01	0.2510373443983402	0	0	0	0	0	0	0	0	0	0	0	0	0.40314136125654443	0	0	0.24683544303797472	0.5	1
0.01	0.2510373443983402	0.29411764705882354	0.3254437869822485	0.4166666666666667	0	0	0	0	0	0	0	0	0	0	0	0	0	0	1
0.01	0.2510373443983402	0.29411764705882354	0	0.4166666666666667	0	0	0	0	0	0.234375	0	0.728	0	0.40314136125654443	0	0	0	0	1
0.01	0	0	0	0	0	0	0.27272727272727276	0	0	0	0.19999999999999998	0.728	0.26666666666666666	0.40314136125654443	0	0	0	0	1
0.01	0	0.29411764705882354	0.3254437869822485	0	0	0.11678832116788322	0.27272727272727276	0	0	0	0.19999999999999998	0.728	0	0	0.23076923076923078	0.4878048780487805	0	0	1
0.01	0.2510373443983402	0.29411764705882354	0.3254437869822485	0.4166666666666667	0.6049382716049383	0.11678832116788322	0	0	0	0	0	0	0.26666666666666666	0	0	0	0	0	1
0.01	0	0	0	0	0	0	0	0	0	0.234375	0	0	0	0.40314136125654443	0	0	0	0	1
0.01	0	0	0	0	0	0	0	0.18181818181818185	0	0	0	0.728	0.26666666666666666	0	0	0	0	0	1
0.01	0.2510373443983402	0.29411764705882354	0.3254437869822485	0.4166666666666667	0	0.11678832116788322	0	0	0.2222222222222222	0.234375	0.19999999999999998	0.728	0	0	0	0	0	0	1
0.01	0	0	0	0.4166666666666667	0.6049382716049383	0.11678832116788322	0	0	0	0	0	0	0	0	0	0.4878048780487805	0.24683544303797472	0.5	1
0.01	0	0	0	0.4166666666666667	0	0	0	0	0	0.234375	0	0	0	0	0	0	0	0.5	1
0.01	0.2510373443983402	0.29411764705882354	0.3254437869822485	0	0	0	0	0.18181818181818185	0	0	0	0.728	0	0	0	0	0	0	1
0.01	0.2510373443983402	0.29411764705882354	0.3254437869822485	0	0	0	0	0.18181818181818185	0	0	0	0	0	0	0	0	0	0	1
0.01	0.2510373443983402	0	0	0	0	0	0	0	0	0.234375	0.19999999999999998	0	0	0.40314136125654443	0	0	0	0	1
0.01	0.2510373443983402	0	0	0.4166666666666667	0	0	0	0	0	0.234375	0	0.728	0	0	0	0	0	0.5	1
0.01	0.2510373443983402	0	0	0	0	0	0	0	0	0	0	0	0	0	0	0.4878048780487805	0	0	1
0.01	0.2510373443983402	0.29411764705882354	0	0	0	0.11678832116788322	0	0	0	0.234375	0.19999999999999998	0	0	0.40314136125654443	0	0.4878048780487805	0	0	1
0.01	0	0	0.3254437869822485	0.4166666666666667	0.6049382716049383	0	0	0	0.2222222222222222	0.234375	0	0.728	0.26666666666666666	0.40314136125654443	0.23076923076923078	0.4878048780487805	0	0.5	1
0.01	0	0	0	0	0	0.11678832116788322	0	0	0	0.234375	0	0	0	0	0	0	0.24683544303797472	0	1
0.01	0.2510373443983402	0.29411764705882354	0	0	0	0	0	0	0	0.234375	0.19999999999999998	0.728	0	0	0	0.4878048780487805	0	0	1
0.01	0.2510373443983402	0	0	0	0	0.11678832116788322	0	0	0	0.234375	0	0	0.26666666666666666	0.40314136125654443	0	0	0	0	1
0.01	0.2510373443983402	0	0	0	0	0	0	0	0	0	0.19999999999999998	0	0	0	0	0.4878048780487805	0	0	1
0.01	0	0	0	0	0	0	0	0.18181818181818185	0	0	0	0	0.26666666666666666	0	0	0	0	0	1
0.01	0.2510373443983402	0.29411764705882354	0	0.4166666666666667	0	0.11678832116788322	0	0	0	0	0.19999999999999998	0.728	0	0	0	0	0	0	1
0.01	0.2510373443983402	0	0	0	0	0	0	0	0.2222222222222222	0.234375	0	0	0.26666666666666666	0	0	0.4878048780487805	0	0	1
0.01	0.2510373443983402	0	0	0	0	0	0.27272727272727276	0	0	0.234375	0.19999999999999998	0	0.26666666666666666	0	0	0	0	0	1
0.01	0	0	0	0	0	0	0	0	0	0	0	0.728	0.26666666666666666	0.40314136125654443	0	0	0	0	1
0.01	0	0	0.3254437869822485	0	0	0	0.27272727272727276	0	0.2222222222222222	0	0	0	0	0	0	0	0	0.5	1
0.01	0.2510373443983402	0	0	0	0	0	0	0	0	0.234375	0	0	0	0	0	0	0.24683544303797472	0.5	1
0.01	0.2510373443983402	0	0	0	0	0	0	0	0	0.234375	0.19999999999999998	0	0	0	0	0	0	0	1
0.01	0.2510373443983402	0.29411764705882354	0	0	0	0	0.27272727272727276	0.18181818181818185	0.2222222222222222	0	0.19999999999999998	0.728	0.26666666666666666	0.40314136125654443	0	0.4878048780487805	0.24683544303797472	0	1
0.01	0	0	0	0	0	0	0	0	0	0	0	0	0.26666666666666666	0	0	0	0	0	1
0.01	0.2510373443983402	0.29411764705882354	0.3254437869822485	0	0	0	0	0	0	0	0.19999999999999998	0.728	0.26666666666666666	0	0	0	0	0	1
0.01	0	0	0	0	0	0	0.27272727272727276	0	0.2222222222222222	0.234375	0	0	0	0	0	0	0.24683544303797472	0	1
0.01	0	0	0.3254437869822485	0	0	0	0	0	0	0	0	0.728	0.26666666666666666	0.40314136125654443	0	0	0	0	1
0.01	0	0	0	0.4166666666666667	0	0	0	0	0	0.234375	0	0	0	0	0	0.4878048780487805	0.24683544303797472	0.5	1
0.01	0.2510373443983402	0	0	0	0	0	0	0	0	0	0	0	0	0	0	0	0.24683544303797472	0.5	1
0.01	0.2510373443983402	0.29411764705882354	0.3254437869822485	0	0	0.11678832116788322	0.27272727272727276	0	0	0	0	0	0	0.40314136125654443	0	0.4878048780487805	0.24683544303797472	0.5	1
0.01	0.2510373443983402	0.29411764705882354	0.3254437869822485	0	0	0	0	0	0	0	0.19999999999999998	0	0	0	0	0	0	0	1
0.01	0	0	0	0.4166666666666667	0	0.11678832116788322	0	0	0.2222222222222222	0	0.19999999999999998	0.728	0	0	0	0	0.24683544303797472	0.5	1
0.01	0	0	0.3254437869822485	0.4166666666666667	0	0	0	0	0	0	0	0	0	0	0.23076923076923078	0	0	0	1
0.01	0	0	0.3254437869822485	0.4166666666666667	0.6049382716049383	0	0	0	0	0	0	0	0	0.40314136125654443	0	0	0.24683544303797472	0.5	1
0.01	0.2510373443983402	0	0.3254437869822485	0	0	0	0	0	0	0	0	0.728	0	0.40314136125654443	0.23076923076923078	0	0	0.5	1
0.01	0	0.29411764705882354	0.3254437869822485	0	0	0	0	0	0	0	0	0	0.26666666666666666	0.40314136125654443	0	0	0	0	1
0.01	0	0	0	0.4166666666666667	0	0	0	0	0	0	0.19999999999999998	0	0	0	0	0	0	0	1
0.01	0	0	0.3254437869822485	0	0	0	0	0.18181818181818185	0	0	0	0.728	0	0	0.23076923076923078	0	0	0	1
0.01	0.2510373443983402	0	0	0	0	0	0	0	0	0	0	0	0	0	0	0	0	0	1
0.01	0.2510373443983402	0.29411764705882354	0.3254437869822485	0	0	0	0	0.18181818181818185	0	0	0.19999999999999998	0	0	0	0	0	0	0	1
0.01	0	0	0	0.4166666666666667	0	0	0	0	0	0.234375	0	0	0	0	0	0	0	0.5	1
0.01	0.2510373443983402	0	0	0	0	0	0	0	0	0.234375	0	0	0	0	0	0.4878048780487805	0	0	1
0.01	0	0	0.3254437869822485	0	0.6049382716049383	0.11678832116788322	0	0	0	0.234375	0.19999999999999998	0.728	0	0	0	0.4878048780487805	0	0.5	1
0.01	0	0	0.3254437869822485	0	0	0.11678832116788322	0.27272727272727276	0	0	0	0	0.728	0	0	0	0	0	0.5	1
0.01	0.2510373443983402	0.29411764705882354	0.3254437869822485	0.4166666666666667	0	0	0	0.18181818181818185	0	0	0	0	0	0.40314136125654443	0	0	0	0	1
0.01	0.2510373443983402	0.29411764705882354	0.3254437869822485	0	0.6049382716049383	0	0	0	0	0	0	0	0	0	0	0	0	0.5	1
0.01	0.2510373443983402	0	0.3254437869822485	0	0	0	0	0	0	0	0	0	0	0	0	0	0	0.5	1
0.01	0	0	0	0	0	0	0	0	0	0.234375	0	0	0	0	0	0	0	0	1
0.01	0	0	0.3254437869822485	0	0	0.11678832116788322	0.27272727272727276	0	0.2222222222222222	0.234375	0.19999999999999998	0.728	0	0	0.23076923076923078	0.4878048780487805	0.24683544303797472	0	1
0.01	0.2510373443983402	0.29411764705882354	0.3254437869822485	0	0	0	0	0	0.2222222222222222	0.234375	0	0	0	0	0	0	0	0.5	1
0.01	0	0	0.3254437869822485	0	0	0	0	0	0.2222222222222222	0.234375	0	0	0.26666666666666666	0	0	0	0	0	1
0.01	0	0	0.3254437869822485	0	0	0	0	0	0	0	0	0	0	0	0	0	0.24683544303797472	0	1
0.01	0	0.29411764705882354	0.3254437869822485	0	0	0.11678832116788322	0	0	0	0	0.19999999999999998	0	0	0	0	0	0.24683544303797472	0	1
0.01	0.2510373443983402	0	0.3254437869822485	0.4166666666666667	0.6049382716049383	0	0.27272727272727276	0.18181818181818185	0	0	0	0	0.26666666666666666	0.40314136125654443	0	0.4878048780487805	0.24683544303797472	0.5	1
0.01	0.2510373443983402	0	0	0	0	0	0	0	0	0	0	0	0	0	0	0	0	0	1
0.01	0	0.29411764705882354	0	0	0	0	0.27272727272727276	0	0	0	0	0.728	0	0	0	0.4878048780487805	0.24683544303797472	0.5	1
0.01	0.2510373443983402	0.29411764705882354	0.3254437869822485	0.4166666666666667	0	0	0	0	0	0	0	0	0	0	0	0	0	0	1
0.01	0.2510373443983402	0	0	0	0	0.11678832116788322	0	0	0	0	0.19999999999999998	0.728	0.26666666666666666	0	0	0.4878048780487805	0.24683544303797472	0	1
0.01	0.2510373443983402	0	0	0	0	0	0	0	0	0	0	0	0	0	0	0	0	0	1
0.01	0	0	0	0.4166666666666667	0	0	0	0.18181818181818185	0	0.234375	0	0	0	0	0	0	0	0	1
0.01	0	0	0	0	0.6049382716049383	0	0	0	0	0	0.19999999999999998	0	0.26666666666666666	0.40314136125654443	0	0	0.24683544303797472	0.5	1
0.01	0.2510373443983402	0	0	0	0	0	0	0	0	0.234375	0.19999999999999998	0	0	0	0	0	0	0	1
0.01	0	0	0.3254437869822485	0	0	0	0	0	0.2222222222222222	0	0	0	0	0	0	0.4878048780487805	0	0.5	1
0.01	0.2510373443983402	0	0	0.4166666666666667	0	0.11678832116788322	0.27272727272727276	0.18181818181818185	0.2222222222222222	0	0.19999999999999998	0	0	0.40314136125654443	0	0.4878048780487805	0.24683544303797472	0	1
0.01	0.2510373443983402	0.29411764705882354	0.3254437869822485	0	0	0	0	0	0	0	0	0	0	0	0	0	0	0	1
0.01	0	0	0	0	0	0	0	0	0	0	0.19999999999999998	0	0	0	0	0	0	0	1
0.01	0	0	0.3254437869822485	0	0	0	0	0.18181818181818185	0.2222222222222222	0	0	0	0	0	0	0	0	0.5	1
0.01	0.2510373443983402	0	0.3254437869822485	0	0	0	0	0.18181818181818185	0	0.234375	0.19999999999999998	0	0	0.40314136125654443	0	0	0.24683544303797472	0	1
0.01	0.2510373443983402	0	0.3254437869822485	0.4166666666666667	0	0	0.27272727272727276	0.18181818181818185	0	0	0.19999999999999998	0	0.26666666666666666	0.40314136125654443	0.23076923076923078	0.4878048780487805	0.24683544303797472	0	1
0.01	0.2510373443983402	0.29411764705882354	0	0	0	0	0	0	0	0	0.19999999999999998	0	0	0	0	0	0.24683544303797472	0	1
0.01	0.2510373443983402	0	0	0	0	0	0	0	0	0	0	0	0.26666666666666666	0	0	0	0	0.5	1
0.01	0.2510373443983402	0.29411764705882354	0.3254437869822485	0.4166666666666667	0	0	0.27272727272727276	0	0	0.234375	0.19999999999999998	0.728	0	0.40314136125654443	0.23076923076923078	0.4878048780487805	0.24683544303797472	0.5	-1
0.01	0.2510373443983402	0.29411764705882354	0	0	0.6049382716049383	0.11678832116788322	0.27272727272727276	0.18181818181818185	0.2222222222222222	0	0.19999999999999998	0.728	0	0.40314136125654443	0	0.4878048780487805	0	0	-1
0.01	0.2510373443983402	0.29411764705882354	0.3254437869822485	0.4166666666666667	0.6049382716049383	0.11678832116788322	0.27272727272727276	0.18181818181818185	0	0	0.19999999999999998	0.728	0	0.40314136125654443	0	0.4878048780487805	0.24683544303797472	0.5	-1
0.01	0	0.29411764705882354	0	0	0	0	0	0	0.2222222222222222	0	0	0	0	0	0	0	0.24683544303797472	0	-1
0.01	0	0	0.3254437869822485	0.4166666666666667	0	0.11678832116788322	0.27272727272727276	0	0.2222222222222222	0	0	0.728	0	0	0	0	0	0	-1
0.01	0.2510373443983402	0	0.3254437869822485	0	0.6049382716049383	0	0.27272727272727276	0.18181818181818185	0	0.234375	0	0	0.26666666666666666	0.40314136125654443	0	0	0.24683544303797472	0.5	-1
0.01	0	0.29411764705882354	0	0	0	0	0	0	0.2222222222222222	0	0	0	0	0	0	0	0.24683544303797472	0	-1
0.01	0	0	0	0.4166666666666667	0.6049382716049383	0	0	0.18181818181818185	0.2222222222222222	0	0.19999999999999998	0.728	0.26666666666666666	0.40314136125654443	0.23076923076923078	0.4878048780487805	0	0	-1
0.01	0	0	0	0	0.6049382716049383	0.11678832116788322	0.27272727272727276	0.18181818181818185	0	0	0	0	0	0.40314136125654443	0.23076923076923078	0.4878048780487805	0.24683544303797472	0.5	-1
0.01	0	0.29411764705882354	0.3254437869822485	0.4166666666666667	0.6049382716049383	0.11678832116788322	0.27272727272727276	0	0.2222222222222222	0	0.19999999999999998	0.728	0.26666666666666666	0	0.23076923076923078	0.4878048780487805	0.24683544303797472	0	-1
0.01	0	0.29411764705882354	0.3254437869822485	0.4166666666666667	0.6049382716049383	0.11678832116788322	0.27272727272727276	0.18181818181818185	0.2222222222222222	0.234375	0.19999999999999998	0.728	0.26666666666666666	0.40314136125654443	0.23076923076923078	0.4878048780487805	0.24683544303797472	0.5	-1
0.01	0.2510373443983402	0.29411764705882354	0	0	0.6049382716049383	0	0	0	0	0	0	0.728	0	0	0	0.4878048780487805	0	0.5	-1
0.01	0.2510373443983402	0.29411764705882354	0.3254437869822485	0	0	0.11678832116788322	0.27272727272727276	0.18181818181818185	0.2222222222222222	0	0	0.728	0.26666666666666666	0.40314136125654443	0	0	0.24683544303797472	0.5	-1
0.01	0.2510373443983402	0	0	0.4166666666666667	0.6049382716049383	0.11678832116788322	0	0	0	0.234375	0.19999999999999998	0	0	0	0.23076923076923078	0.4878048780487805	0.24683544303797472	0	-1
0.01	0	0	0.3254437869822485	0.4166666666666667	0.6049382716049383	0.11678832116788322	0	0	0.2222222222222222	0	0	0	0.26666666666666666	0.40314136125654443	0.23076923076923078	0.4878048780487805	0.24683544303797472	0.5	-1
0.01	0.2510373443983402	0.29411764705882354	0.3254437869822485	0.4166666666666667	0.6049382716049383	0	0.27272727272727276	0	0	0.234375	0.19999999999999998	0	0.26666666666666666	0.40314136125654443	0	0.4878048780487805	0.24683544303797472	0	-1
0.01	0.2510373443983402	0.29411764705882354	0.3254437869822485	0.4166666666666667	0	0	0	0	0	0.234375	0.19999999999999998	0	0	0	0	0	0	0	-1
0.01	0.2510373443983402	0.29411764705882354	0.3254437869822485	0.4166666666666667	0	0	0	0.18181818181818185	0.2222222222222222	0.234375	0.19999999999999998	0.728	0.26666666666666666	0	0.23076923076923078	0	0	0.5	-1
0.01	0.2510373443983402	0	0	0.4166666666666667	0	0	0.27272727272727276	0	0.2222222222222222	0.234375	0.19999999999999998	0.728	0.26666666666666666	0.40314136125654443	0.23076923076923078	0.4878048780487805	0.24683544303797472	0.5	-1
0.01	0.2510373443983402	0.29411764705882354	0	0.4166666666666667	0.6049382716049383	0.11678832116788322	0.27272727272727276	0.18181818181818185	0.2222222222222222	0	0.19999999999999998	0.728	0	0	0	0	0	0	-1
0.01	0.2510373443983402	0.29411764705882354	0	0.4166666666666667	0.6049382716049383	0	0.27272727272727276	0.18181818181818185	0	0	0	0.728	0.26666666666666666	0.40314136125654443	0	0	0	0	-1
0.01	0.2510373443983402	0.29411764705882354	0	0	0.6049382716049383	0.11678832116788322	0.27272727272727276	0	0.2222222222222222	0	0.19999999999999998	0.728	0.26666666666666666	0	0	0	0	0.5	-1
0.01	0.2510373443983402	0.29411764705882354	0.3254437869822485	0.4166666666666667	0.6049382716049383	0	0	0.18181818181818185	0	0	0	0	0	0.40314136125654443	0.23076923076923078	0	0	0	-1
0.01	0	0.29411764705882354	0.3254437869822485	0	0.6049382716049383	0	0.27272727272727276	0.18181818181818185	0	0.234375	0.19999999999999998	0	0	0.40314136125654443	0.23076923076923078	0.4878048780487805	0	0	-1
0.01	0.2510373443983402	0.29411764705882354	0.3254437869822485	0.4166666666666667	0	0	0	0	0.2222222222222222	0	0.19999999999999998	0.728	0.26666666666666666	0.40314136125654443	0	0	0.24683544303797472	0	-1
0.01	0.2510373443983402	0.29411764705882354	0.3254437869822485	0.4166666666666667	0.6049382716049383	0.11678832116788322	0.27272727272727276	0.18181818181818185	0.2222222222222222	0	0.19999999999999998	0.728	0.26666666666666666	0.40314136125654443	0.23076923076923078	0.4878048780487805	0	0.5	-1
0.01	0	0.29411764705882354	0	0.4166666666666667	0.6049382716049383	0.11678832116788322	0	0	0	0.234375	0.19999999999999998	0.728	0.26666666666666666	0	0	0.4878048780487805	0.24683544303797472	0	-1
0.01	0.2510373443983402	0.29411764705882354	0	0	0.6049382716049383	0.11678832116788322	0.27272727272727276	0.18181818181818185	0.2222222222222222	0.234375	0.19999999999999998	0.728	0	0.40314136125654443	0	0	0	0.5	-1
0.01	0	0	0.3254437869822485	0.4166666666666667	0	0.11678832116788322	0.27272727272727276	0	0.2222222222222222	0	0	0.728	0	0	0	0	0	0	-1
0.01	0.2510373443983402	0	0.3254437869822485	0	0	0	0.27272727272727276	0	0.2222222222222222	0.234375	0	0	0.26666666666666666	0.40314136125654443	0	0	0	0	-1
0.01	0.2510373443983402	0	0	0.4166666666666667	0.6049382716049383	0.11678832116788322	0	0	0	0.234375	0.19999999999999998	0	0	0	0.23076923076923078	0.4878048780487805	0.24683544303797472	0	-1
0.01	0.2510373443983402	0	0.3254437869822485	0.4166666666666667	0.6049382716049383	0.11678832116788322	0	0.18181818181818185	0.2222222222222222	0	0.19999999999999998	0.728	0	0.40314136125654443	0.23076923076923078	0	0	0.5	-1
0.01	0.2510373443983402	0.29411764705882354	0.3254437869822485	0.4166666666666667	0.6049382716049383	0	0.27272727272727276	0	0	0.234375	0.19999999999999998	0	0.26666666666666666	0.40314136125654443	0	0.4878048780487805	0.24683544303797472	0	-1
0.01	0.2510373443983402	0.29411764705882354	0	0.4166666666666667	0.6049382716049383	0.11678832116788322	0	0	0	0.234375	0.19999999999999998	0.728	0	0	0.23076923076923078	0.4878048780487805	0.24683544303797472	0	-1
0.01	0.2510373443983402	0.29411764705882354	0.3254437869822485	0.4166666666666667	0.6049382716049383	0	0	0.18181818181818185	0	0	0	0	0	0.40314136125654443	0.23076923076923078	0	0	0	-1
0.01	0.2510373443983402	0.29411764705882354	0.3254437869822485	0.4166666666666667	0.6049382716049383	0	0.27272727272727276	0	0	0.234375	0.19999999999999998	0	0.26666666666666666	0.40314136125654443	0	0.4878048780487805	0.24683544303797472	0	-1
0.01	0.2510373443983402	0.29411764705882354	0.3254437869822485	0	0.6049382716049383	0	0.27272727272727276	0	0	0.234375	0.19999999999999998	0	0.26666666666666666	0	0.23076923076923078	0.4878048780487805	0	0	-1
0.01	0	0.29411764705882354	0.3254437869822485	0.4166666666666667	0.6049382716049383	0.11678832116788322	0.27272727272727276	0.18181818181818185	0.2222222222222222	0.234375	0.19999999999999998	0.728	0.26666666666666666	0.40314136125654443	0.23076923076923078	0.4878048780487805	0.24683544303797472	0.5	-1
0.01	0.2510373443983402	0	0	0	0.6049382716049383	0.11678832116788322	0	0.18181818181818185	0	0	0.19999999999999998	0.728	0.26666666666666666	0.40314136125654443	0	0	0	0	-1
0.01	0	0.29411764705882354	0.3254437869822485	0.4166666666666667	0	0	0	0	0.2222222222222222	0.234375	0.19999999999999998	0.728	0	0.40314136125654443	0	0	0.24683544303797472	0.5	-1
0.01	0.2510373443983402	0	0	0	0.6049382716049383	0.11678832116788322	0	0.18181818181818185	0	0	0.19999999999999998	0.728	0.26666666666666666	0.40314136125654443	0	0	0	0	-1
0.01	0	0	0.3254437869822485	0	0.6049382716049383	0.11678832116788322	0	0.18181818181818185	0	0.234375	0	0.728	0.26666666666666666	0.40314136125654443	0.23076923076923078	0.4878048780487805	0	0	-1
0.01	0.2510373443983402	0.29411764705882354	0.3254437869822485	0	0	0.11678832116788322	0	0	0	0.234375	0	0.728	0.26666666666666666	0	0.23076923076923078	0	0	0	-1
0.01	0	0.29411764705882354	0.3254437869822485	0.4166666666666667	0	0.11678832116788322	0	0.18181818181818185	0	0	0.19999999999999998	0	0	0.40314136125654443	0	0.4878048780487805	0.24683544303797472	0.5	-1
0.01	0.2510373443983402	0.29411764705882354	0	0	0.6049382716049383	0	0	0	0	0	0	0.728	0	0	0	0.4878048780487805	0	0.5	-1
0.01	0.2510373443983402	0.29411764705882354	0.3254437869822485	0	0	0.11678832116788322	0	0.18181818181818185	0.2222222222222222	0	0	0.728	0	0.40314136125654443	0	0	0	0	-1
0.01	0.2510373443983402	0.29411764705882354	0.3254437869822485	0	0	0	0.27272727272727276	0.18181818181818185	0	0.234375	0	0.728	0.26666666666666666	0	0	0	0.24683544303797472	0.5	-1
0.01	0.2510373443983402	0.29411764705882354	0	0	0	0.11678832116788322	0.27272727272727276	0	0.2222222222222222	0.234375	0.19999999999999998	0.728	0.26666666666666666	0.40314136125654443	0	0.4878048780487805	0.24683544303797472	0.5	-1
0.01	0.2510373443983402	0	0	0	0.6049382716049383	0	0.27272727272727276	0.18181818181818185	0.2222222222222222	0	0.19999999999999998	0	0	0.40314136125654443	0	0.4878048780487805	0.24683544303797472	0.5	-1
0.01	0.2510373443983402	0	0	0	0	0	0	0.18181818181818185	0	0	0	0.728	0.26666666666666666	0	0	0.4878048780487805	0.24683544303797472	0.5	-1
0.01	0.2510373443983402	0.29411764705882354	0	0.4166666666666667	0	0.11678832116788322	0.27272727272727276	0.18181818181818185	0	0	0.19999999999999998	0	0.26666666666666666	0.40314136125654443	0	0	0.24683544303797472	0.5	-1
0.01	0.2510373443983402	0	0	0.4166666666666667	0.6049382716049383	0.11678832116788322	0	0.18181818181818185	0.2222222222222222	0.234375	0.19999999999999998	0.728	0.26666666666666666	0.40314136125654443	0.23076923076923078	0	0.24683544303797472	0	-1
0.01	0.2510373443983402	0	0.3254437869822485	0	0	0	0.27272727272727276	0	0	0	0.19999999999999998	0	0.26666666666666666	0.40314136125654443	0.23076923076923078	0	0	0	-1
0.01	0.2510373443983402	0	0	0.4166666666666667	0.6049382716049383	0	0.27272727272727276	0	0.2222222222222222	0.234375	0.19999999999999998	0.728	0	0.40314136125654443	0	0.4878048780487805	0.24683544303797472	0	-1
0.01	0.2510373443983402	0.29411764705882354	0	0.4166666666666667	0.6049382716049383	0.11678832116788322	0.27272727272727276	0.18181818181818185	0	0	0.19999999999999998	0	0.26666666666666666	0.40314136125654443	0	0	0.24683544303797472	0.5	-1
0.01	0.2510373443983402	0	0.3254437869822485	0.4166666666666667	0	0.11678832116788322	0	0.18181818181818185	0	0	0.19999999999999998	0	0.26666666666666666	0	0	0.4878048780487805	0.24683544303797472	0.5	-1
0.01	0.2510373443983402	0.29411764705882354	0.3254437869822485	0.4166666666666667	0.6049382716049383	0	0	0.18181818181818185	0	0	0	0	0	0.40314136125654443	0.23076923076923078	0	0	0	-1
0.01	0.2510373443983402	0.29411764705882354	0	0.4166666666666667	0	0.11678832116788322	0.27272727272727276	0.18181818181818185	0	0.234375	0	0.728	0	0	0.23076923076923078	0.4878048780487805	0.24683544303797472	0.5	-1
0.01	0.2510373443983402	0.29411764705882354	0	0.4166666666666667	0.6049382716049383	0.11678832116788322	0.27272727272727276	0	0	0	0.19999999999999998	0.728	0	0	0	0.4878048780487805	0.24683544303797472	0.5	-1
0.01	0	0.29411764705882354	0	0	0	0	0	0	0.2222222222222222	0	0	0	0	0	0	0	0.24683544303797472	0	-1
0.01	0.2510373443983402	0.29411764705882354	0.3254437869822485	0.4166666666666667	0	0	0	0	0	0.234375	0.19999999999999998	0	0	0	0	0	0	0	-1
0.01	0.2510373443983402	0	0	0	0.6049382716049383	0	0	0.18181818181818185	0	0	0	0	0.26666666666666666	0.40314136125654443	0.23076923076923078	0	0	0	-1
0.01	0.2510373443983402	0	0	0.4166666666666667	0.6049382716049383	0	0.27272727272727276	0.18181818181818185	0.2222222222222222	0.234375	0.19999999999999998	0.728	0.26666666666666666	0.40314136125654443	0.23076923076923078	0.4878048780487805	0	0	-1
0.01	0.2510373443983402	0.29411764705882354	0	0.4166666666666667	0.6049382716049383	0	0.27272727272727276	0.18181818181818185	0	0	0	0.728	0.26666666666666666	0.40314136125654443	0	0	0	0	-1
0.01	0	0	0	0.4166666666666667	0	0.11678832116788322	0.27272727272727276	0.18181818181818185	0.2222222222222222	0	0.19999999999999998	0	0	0	0.23076923076923078	0	0.24683544303797472	0.5	-1
0.01	0	0	0.3254437869822485	0	0	0.11678832116788322	0.27272727272727276	0	0.2222222222222222	0.234375	0	0.728	0.26666666666666666	0	0	0.4878048780487805	0.24683544303797472	0	-1
0.01	0.2510373443983402	0.29411764705882354	0.3254437869822485	0.4166666666666667	0	0.11678832116788322	0	0.18181818181818185	0.2222222222222222	0.234375	0.19999999999999998	0	0.26666666666666666	0	0	0.4878048780487805	0	0.5	-1
0.01	0.2510373443983402	0.29411764705882354	0.3254437869822485	0	0.6049382716049383	0.11678832116788322	0	0.18181818181818185	0.2222222222222222	0	0	0.728	0.26666666666666666	0	0.23076923076923078	0	0	0.5	-1
0.01	0.2510373443983402	0.29411764705882354	0.3254437869822485	0.4166666666666667	0.6049382716049383	0.11678832116788322	0	0.18181818181818185	0	0	0.19999999999999998	0	0.26666666666666666	0.40314136125654443	0.23076923076923078	0.4878048780487805	0	0	-1
0.01	0	0.29411764705882354	0	0	0	0	0	0	0.2222222222222222	0	0	0	0	0	0	0	0.24683544303797472	0	-1
0.01	0	0.29411764705882354	0	0	0	0	0	0	0.2222222222222222	0	0	0	0	0	0	0	0.24683544303797472	0	-1
0.01	0	0	0.3254437869822485	0	0	0.11678832116788322	0.27272727272727276	0	0.2222222222222222	0.234375	0	0.728	0.26666666666666666	0	0	0.4878048780487805	0.24683544303797472	0	-1
0.01	0.2510373443983402	0	0.3254437869822485	0	0.6049382716049383	0.11678832116788322	0.27272727272727276	0.18181818181818185	0	0	0	0.728	0.26666666666666666	0.40314136125654443	0.23076923076923078	0.4878048780487805	0	0	-1
0.01	0.2510373443983402	0.29411764705882354	0.3254437869822485	0.4166666666666667	0	0	0	0	0	0.234375	0.19999999999999998	0	0	0	0	0	0	0	-1
0.01	0.2510373443983402	0.29411764705882354	0.3254437869822485	0	0.6049382716049383	0	0.27272727272727276	0	0.2222222222222222	0	0.19999999999999998	0.728	0.26666666666666666	0.40314136125654443	0.23076923076923078	0	0	0	-1
0.01	0.2510373443983402	0	0.3254437869822485	0.4166666666666667	0.6049382716049383	0.11678832116788322	0	0	0.2222222222222222	0.234375	0.19999999999999998	0.728	0.26666666666666666	0.40314136125654443	0	0	0.24683544303797472	0.5	-1
0.01	0.2510373443983402	0	0.3254437869822485	0.4166666666666667	0.6049382716049383	0.11678832116788322	0	0	0.2222222222222222	0.234375	0.19999999999999998	0.728	0.26666666666666666	0.40314136125654443	0	0	0.24683544303797472	0.5	-1
0.01	0.2510373443983402	0.29411764705882354	0	0.4166666666666667	0.6049382716049383	0	0	0	0.2222222222222222	0.234375	0	0.728	0.26666666666666666	0.40314136125654443	0.23076923076923078	0	0	0.5	-1
0.01	0	0	0	0.4166666666666667	0.6049382716049383	0.11678832116788322	0.27272727272727276	0	0.2222222222222222	0.234375	0	0.728	0.26666666666666666	0.40314136125654443	0.23076923076923078	0.4878048780487805	0	0.5	-1
0.01	0	0	0	0.4166666666666667	0	0	0.27272727272727276	0.18181818181818185	0.2222222222222222	0	0.19999999999999998	0	0	0	0.23076923076923078	0.4878048780487805	0	0.5	-1
0.01	0.2510373443983402	0.29411764705882354	0	0	0.6049382716049383	0.11678832116788322	0.27272727272727276	0	0	0	0.19999999999999998	0.728	0	0	0	0.4878048780487805	0.24683544303797472	0.5	-1
0.01	0.2510373443983402	0.29411764705882354	0	0	0.6049382716049383	0	0.27272727272727276	0	0	0.234375	0.19999999999999998	0	0.26666666666666666	0	0	0	0	0.5	-1
0.01	0.2510373443983402	0.29411764705882354	0.3254437869822485	0	0.6049382716049383	0.11678832116788322	0	0	0.2222222222222222	0.234375	0.19999999999999998	0	0	0	0	0	0.24683544303797472	0	-1
0.01	0.2510373443983402	0.29411764705882354	0.3254437869822485	0	0.6049382716049383	0	0.27272727272727276	0	0.2222222222222222	0	0	0.728	0.26666666666666666	0.40314136125654443	0.23076923076923078	0.4878048780487805	0.24683544303797472	0	-1
0.01	0.2510373443983402	0	0.3254437869822485	0.4166666666666667	0	0.11678832116788322	0	0	0.2222222222222222	0	0.19999999999999998	0.728	0.26666666666666666	0.40314136125654443	0	0.4878048780487805	0	0.5	-1
0.01	0.2510373443983402	0.29411764705882354	0.3254437869822485	0.4166666666666667	0.6049382716049383	0	0	0.18181818181818185	0	0	0	0	0	0.40314136125654443	0.23076923076923078	0	0	0	-1
0.01	0	0.29411764705882354	0	0	0.6049382716049383	0.11678832116788322	0.27272727272727276	0.18181818181818185	0.2222222222222222	0.234375	0.19999999999999998	0	0	0.40314136125654443	0.23076923076923078	0	0	0	-1
0.01	0.2510373443983402	0.29411764705882354	0.3254437869822485	0.4166666666666667	0.6049382716049383	0.11678832116788322	0	0	0.2222222222222222	0.234375	0.19999999999999998	0.728	0.26666666666666666	0.40314136125654443	0.23076923076923078	0.4878048780487805	0	0.5	-1
0.01	0.2510373443983402	0.29411764705882354	0	0	0.6049382716049383	0.11678832116788322	0.27272727272727276	0	0	0	0.19999999999999998	0.728	0	0	0	0.4878048780487805	0.24683544303797472	0.5	-1
0.01	0.2510373443983402	0.29411764705882354	0.3254437869822485	0	0.6049382716049383	0.11678832116788322	0	0	0.2222222222222222	0	0	0	0	0.40314136125654443	0.23076923076923078	0	0	0	-1
0.01	0	0.29411764705882354	0	0	0	0.11678832116788322	0.27272727272727276	0.18181818181818185	0	0.234375	0	0.728	0	0.40314136125654443	0	0	0.24683544303797472	0	-1
0.01	0.2510373443983402	0	0.3254437869822485	0.4166666666666667	0	0.11678832116788322	0.27272727272727276	0.18181818181818185	0	0	0.19999999999999998	0.728	0.26666666666666666	0	0.23076923076923078	0.4878048780487805	0	0.5	-1
0.01	0.2510373443983402	0	0.3254437869822485	0	0	0	0.27272727272727276	0	0	0	0.19999999999999998	0	0.26666666666666666	0.40314136125654443	0.23076923076923078	0	0	0	-1
0.01	0.2510373443983402	0	0.3254437869822485	0.4166666666666667	0.6049382716049383	0.11678832116788322	0.27272727272727276	0	0.2222222222222222	0.234375	0	0.728	0.26666666666666666	0.40314136125654443	0.23076923076923078	0.4878048780487805	0	0.5	-1
0.01	0	0.29411764705882354	0	0	0.6049382716049383	0	0.27272727272727276	0	0	0.234375	0	0	0.26666666666666666	0	0.23076923076923078	0	0.24683544303797472	0	-1
0.01	0.2510373443983402	0	0	0	0.6049382716049383	0	0.27272727272727276	0	0	0.234375	0	0.728	0	0.40314136125654443	0	0.4878048780487805	0.24683544303797472	0	-1
0.01	0.2510373443983402	0	0	0	0	0	0.27272727272727276	0	0	0	0.19999999999999998	0.728	0	0.40314136125654443	0	0	0	0	-1
0.01	0.2510373443983402	0	0	0.4166666666666667	0.6049382716049383	0.11678832116788322	0.27272727272727276	0.18181818181818185	0.2222222222222222	0.234375	0.19999999999999998	0	0.26666666666666666	0	0.23076923076923078	0	0.24683544303797472	0	-1
0.01	0.2510373443983402	0.29411764705882354	0.3254437869822485	0.4166666666666667	0.6049382716049383	0	0	0.18181818181818185	0	0	0	0	0	0.40314136125654443	0.23076923076923078	0	0	0	-1
0.01	0.2510373443983402	0.29411764705882354	0.3254437869822485	0.4166666666666667	0.6049382716049383	0	0	0.18181818181818185	0	0	0	0	0	0.40314136125654443	0.23076923076923078	0	0	0	-1
0.01	0.2510373443983402	0.29411764705882354	0	0.4166666666666667	0	0.11678832116788322	0.27272727272727276	0	0.2222222222222222	0	0.19999999999999998	0	0.26666666666666666	0.40314136125654443	0	0	0	0	-1
0.01	0.2510373443983402	0.29411764705882354	0.3254437869822485	0	0	0.11678832116788322	0	0	0	0.234375	0	0.728	0.26666666666666666	0	0.23076923076923078	0	0	0	-1
0.01	0.2510373443983402	0.29411764705882354	0	0.4166666666666667	0.6049382716049383	0.11678832116788322	0.27272727272727276	0	0	0	0.19999999999999998	0.728	0	0	0	0.4878048780487805	0.24683544303797472	0.5	-1
0.01	0.2510373443983402	0	0.3254437869822485	0.4166666666666667	0	0.11678832116788322	0.27272727272727276	0.18181818181818185	0	0	0.19999999999999998	0.728	0.26666666666666666	0	0.23076923076923078	0.4878048780487805	0	0.5	-1
0.01	0	0.29411764705882354	0.3254437869822485	0	0	0	0.27272727272727276	0	0.2222222222222222	0	0	0	0.26666666666666666	0	0.23076923076923078	0	0	0	-1
0.01	0.2510373443983402	0	0.3254437869822485	0	0	0	0	0	0	0	0.19999999999999998	0.728	0	0	0	0.4878048780487805	0.24683544303797472	0	-1
0.01	0.2510373443983402	0.29411764705882354	0	0.4166666666666667	0	0.11678832116788322	0.27272727272727276	0.18181818181818185	0	0	0.19999999999999998	0	0.26666666666666666	0.40314136125654443	0	0	0.24683544303797472	0.5	-1
0.01	0.2510373443983402	0.29411764705882354	0	0	0.6049382716049383	0.11678832116788322	0.27272727272727276	0	0.2222222222222222	0	0	0	0.26666666666666666	0	0.23076923076923078	0	0.24683544303797472	0.5	-1
0.01	0.2510373443983402	0.29411764705882354	0.3254437869822485	0.4166666666666667	0.6049382716049383	0	0.27272727272727276	0	0	0.234375	0.19999999999999998	0	0.26666666666666666	0.40314136125654443	0	0.4878048780487805	0.24683544303797472	0	-1
0.01	0.2510373443983402	0	0.3254437869822485	0.4166666666666667	0.6049382716049383	0.11678832116788322	0	0	0.2222222222222222	0.234375	0.19999999999999998	0.728	0.26666666666666666	0.40314136125654443	0	0	0.24683544303797472	0.5	-1
0.01	0.2510373443983402	0	0	0	0.6049382716049383	0	0.27272727272727276	0.18181818181818185	0.2222222222222222	0	0.19999999999999998	0	0	0.40314136125654443	0	0.4878048780487805	0.24683544303797472	0.5	-1
0.01	0	0.29411764705882354	0	0	0	0	0	0	0.2222222222222222	0	0	0	0	0	0	0	0.24683544303797472	0	-1
0.01	0.2510373443983402	0	0.3254437869822485	0.4166666666666667	0.6049382716049383	0.11678832116788322	0	0.18181818181818185	0	0	0	0.728	0.26666666666666666	0.40314136125654443	0	0.4878048780487805	0.24683544303797472	0.5	-1
0.01	0.2510373443983402	0.29411764705882354	0.3254437869822485	0	0	0.11678832116788322	0	0	0	0.234375	0	0.728	0.26666666666666666	0	0.23076923076923078	0	0	0	-1
0.01	0.2510373443983402	0.29411764705882354	0	0	0.6049382716049383	0.11678832116788322	0.27272727272727276	0	0	0	0.19999999999999998	0.728	0	0	0	0.4878048780487805	0.24683544303797472	0.5	-1
0.01	0	0.29411764705882354	0.3254437869822485	0	0	0.11678832116788322	0.27272727272727276	0.18181818181818185	0.2222222222222222	0.234375	0.19999999999999998	0.728	0.26666666666666666	0.40314136125654443	0.23076923076923078	0	0	0.5	-1
0.01	0.2510373443983402	0.29411764705882354	0	0.4166666666666667	0.6049382716049383	0.11678832116788322	0.27272727272727276	0.18181818181818185	0.2222222222222222	0	0.19999999999999998	0.728	0	0	0	0	0	0	-1
0.01	0.2510373443983402	0	0	0.4166666666666667	0	0	0.27272727272727276	0	0.2222222222222222	0.234375	0.19999999999999998	0.728	0.26666666666666666	0.40314136125654443	0.23076923076923078	0.4878048780487805	0.24683544303797472	0.5	-1
0.01	0.2510373443983402	0	0.3254437869822485	0	0	0	0.27272727272727276	0.18181818181818185	0.2222222222222222	0.234375	0.19999999999999998	0.728	0.26666666666666666	0.40314136125654443	0	0.4878048780487805	0	0	-1
0.01	0.2510373443983402	0	0	0	0.6049382716049383	0	0.27272727272727276	0.18181818181818185	0.2222222222222222	0	0.19999999999999998	0	0	0.40314136125654443	0	0.4878048780487805	0.24683544303797472	0.5	-1
0.01	0.2510373443983402	0.29411764705882354	0.3254437869822485	0	0.6049382716049383	0	0.27272727272727276	0	0	0	0.19999999999999998	0.728	0	0.40314136125654443	0.23076923076923078	0.4878048780487805	0	0.5	-1
0.01	0	0.29411764705882354	0.3254437869822485	0.4166666666666667	0.6049382716049383	0.11678832116788322	0	0	0	0.234375	0.19999999999999998	0	0.26666666666666666	0	0	0	0	0.5	-1
0.01	0.2510373443983402	0.29411764705882354	0	0	0	0	0.27272727272727276	0	0.2222222222222222	0.234375	0	0.728	0	0.40314136125654443	0.23076923076923078	0	0.24683544303797472	0	-1
0.01	0.2510373443983402	0.29411764705882354	0.3254437869822485	0.4166666666666667	0	0	0	0	0.2222222222222222	0	0.19999999999999998	0.728	0.26666666666666666	0.40314136125654443	0.23076923076923078	0.4878048780487805	0.24683544303797472	0.5	-1
0.01	0.2510373443983402	0.29411764705882354	0	0	0.6049382716049383	0	0.27272727272727276	0	0.2222222222222222	0.234375	0.19999999999999998	0	0.26666666666666666	0	0	0	0	0	-1
0.01	0.2510373443983402	0	0	0.4166666666666667	0.6049382716049383	0	0	0.18181818181818185	0.2222222222222222	0	0	0.728	0.26666666666666666	0	0.23076923076923078	0.4878048780487805	0.24683544303797472	0	-1
0.01	0.2510373443983402	0.29411764705882354	0.3254437869822485	0.4166666666666667	0	0	0	0.18181818181818185	0.2222222222222222	0.234375	0.19999999999999998	0.728	0.26666666666666666	0	0.23076923076923078	0	0	0.5	-1
0.01	0.2510373443983402	0	0.3254437869822485	0	0.6049382716049383	0	0.27272727272727276	0.18181818181818185	0.2222222222222222	0.234375	0.19999999999999998	0.728	0.26666666666666666	0	0.23076923076923078	0.4878048780487805	0	0.5	-1
0.01	0.2510373443983402	0.29411764705882354	0.3254437869822485	0	0.6049382716049383	0	0.27272727272727276	0.18181818181818185	0	0.234375	0.19999999999999998	0.728	0	0	0.23076923076923078	0	0.24683544303797472	0.5	-1
0.01	0.2510373443983402	0	0.3254437869822485	0	0	0.11678832116788322	0	0.18181818181818185	0.2222222222222222	0.234375	0.19999999999999998	0	0	0	0	0.4878048780487805	0.24683544303797472	0	-1
0.01	0.2510373443983402	0.29411764705882354	0	0	0	0.11678832116788322	0	0	0.2222222222222222	0	0	0.728	0	0.40314136125654443	0	0.4878048780487805	0.24683544303797472	0.5	-1
0.01	0.2510373443983402	0.29411764705882354	0	0	0	0	0.27272727272727276	0	0.2222222222222222	0.234375	0	0.728	0	0	0.23076923076923078	0	0.24683544303797472	0.5	-1
0.01	0.2510373443983402	0.29411764705882354	0.3254437869822485	0	0	0.11678832116788322	0	0	0	0.234375	0	0.728	0.26666666666666666	0	0.23076923076923078	0	0	0	-1
0.01	0	0.29411764705882354	0.3254437869822485	0.4166666666666667	0	0.11678832116788322	0	0.18181818181818185	0	0.234375	0	0.728	0	0	0.23076923076923078	0.4878048780487805	0.24683544303797472	0.5	-1
0.01	0.2510373443983402	0.29411764705882354	0.3254437869822485	0.4166666666666667	0.6049382716049383	0.11678832116788322	0.27272727272727276	0.18181818181818185	0.2222222222222222	0.234375	0.19999999999999998	0	0.26666666666666666	0	0	0.4878048780487805	0.24683544303797472	0	-1
0.01	0.2510373443983402	0	0.3254437869822485	0.4166666666666667	0.6049382716049383	0	0	0	0	0.234375	0	0	0	0	0	0	0	0	-1
0.01	0.2510373443983402	0.29411764705882354	0.3254437869822485	0.4166666666666667	0	0	0	0	0	0.234375	0	0.728	0.26666666666666666	0.40314136125654443	0	0.4878048780487805	0.24683544303797472	0	-1
0.01	0	0	0.3254437869822485	0.4166666666666667	0.6049382716049383	0.11678832116788322	0	0	0.2222222222222222	0.234375	0.19999999999999998	0.728	0	0	0.23076923076923078	0.4878048780487805	0.24683544303797472	0	-1
0.01	0	0.29411764705882354	0	0.4166666666666667	0.6049382716049383	0	0.27272727272727276	0	0.2222222222222222	0	0	0	0.26666666666666666	0	0	0	0	0.5	-1
0.01	0	0.29411764705882354	0	0	0	0	0	0	0.2222222222222222	0	0	0	0	0	0	0	0.24683544303797472	0	-1
0.01	0.2510373443983402	0	0.3254437869822485	0	0.6049382716049383	0	0.27272727272727276	0.18181818181818185	0.2222222222222222	0.234375	0	0	0.26666666666666666	0	0.23076923076923078	0	0	0.5	-1
0.01	0.2510373443983402	0.29411764705882354	0.3254437869822485	0.4166666666666667	0	0.11678832116788322	0.27272727272727276	0	0.2222222222222222	0.234375	0.19999999999999998	0.728	0	0	0	0	0.24683544303797472	0	-1
0.01	0.2510373443983402	0	0	0	0.6049382716049383	0.11678832116788322	0.27272727272727276	0	0	0.234375	0.19999999999999998	0	0	0	0	0.4878048780487805	0.24683544303797472	0.5	-1
0.01	0.2510373443983402	0.29411764705882354	0.3254437869822485	0.4166666666666667	0	0	0	0	0	0.234375	0	0.728	0.26666666666666666	0.40314136125654443	0	0.4878048780487805	0.24683544303797472	0	-1
0.01	0.2510373443983402	0.29411764705882354	0.3254437869822485	0	0	0.11678832116788322	0	0	0	0.234375	0	0.728	0.26666666666666666	0	0.23076923076923078	0	0	0	-1
0.01	0.2510373443983402	0	0.3254437869822485	0	0	0.11678832116788322	0	0	0.2222222222222222	0.234375	0.19999999999999998	0.728	0.26666666666666666	0.40314136125654443	0	0.4878048780487805	0.24683544303797472	0.5	-1
0.01	0.2510373443983402	0.29411764705882354	0	0	0	0.11678832116788322	0.27272727272727276	0.18181818181818185	0	0	0	0	0.26666666666666666	0	0	0.4878048780487805	0	0	-1
0.01	0.2510373443983402	0	0.3254437869822485	0.4166666666666667	0.6049382716049383	0.11678832116788322	0	0	0.2222222222222222	0.234375	0.19999999999999998	0.728	0.26666666666666666	0.40314136125654443	0	0	0.24683544303797472	0.5	-1
0.01	0	0	0.3254437869822485	0.4166666666666667	0.6049382716049383	0	0	0.18181818181818185	0.2222222222222222	0.234375	0	0.728	0	0	0.23076923076923078	0.4878048780487805	0.24683544303797472	0	-1
0.01	0.2510373443983402	0.29411764705882354	0.3254437869822485	0.4166666666666667	0	0	0	0	0	0.234375	0.19999999999999998	0	0	0	0	0	0	0	-1
0.01	0.2510373443983402	0	0.3254437869822485	0.4166666666666667	0.6049382716049383	0	0.27272727272727276	0.18181818181818185	0.2222222222222222	0	0.19999999999999998	0.728	0	0	0.23076923076923078	0	0.24683544303797472	0.5	-1
0.01	0.2510373443983402	0.29411764705882354	0.3254437869822485	0.4166666666666667	0.6049382716049383	0	0	0.18181818181818185	0	0	0	0	0	0.40314136125654443	0.23076923076923078	0	0	0	-1
0.01	0.2510373443983402	0	0	0	0	0.11678832116788322	0.27272727272727276	0	0	0.234375	0.19999999999999998	0.728	0	0	0	0.4878048780487805	0.24683544303797472	0.5	-1
0.01	0.2510373443983402	0.29411764705882354	0	0.4166666666666667	0.6049382716049383	0.11678832116788322	0.27272727272727276	0	0	0	0.19999999999999998	0.728	0	0	0	0.4878048780487805	0.24683544303797472	0.5	-1
0.01	0.2510373443983402	0.29411764705882354	0.3254437869822485	0	0	0	0.27272727272727276	0.18181818181818185	0	0	0	0	0.26666666666666666	0.40314136125654443	0.23076923076923078	0.4878048780487805	0	0.5	-1
0.01	0.2510373443983402	0.29411764705882354	0.3254437869822485	0.4166666666666667	0.6049382716049383	0	0.27272727272727276	0	0	0.234375	0.19999999999999998	0	0.26666666666666666	0.40314136125654443	0	0.4878048780487805	0.24683544303797472	0	-1
0.01	0.2510373443983402	0.29411764705882354	0.3254437869822485	0	0	0.11678832116788322	0	0	0	0.234375	0	0.728	0.26666666666666666	0	0.23076923076923078	0	0	0	-1
0.01	0.2510373443983402	0.29411764705882354	0.3254437869822485	0.4166666666666667	0.6049382716049383	0	0	0.18181818181818185	0	0	0	0	0	0.40314136125654443	0.23076923076923078	0	0	0	-1
0.01	0.2510373443983402	0	0.3254437869822485	0.4166666666666667	0.6049382716049383	0	0.27272727272727276	0.18181818181818185	0.2222222222222222	0.234375	0	0.728	0	0.40314136125654443	0.23076923076923078	0	0.24683544303797472	0.5	-1
0.01	0.2510373443983402	0.29411764705882354	0	0.4166666666666667	0	0	0	0	0.2222222222222222	0	0.19999999999999998	0	0.26666666666666666	0	0.23076923076923078	0.4878048780487805	0	0.5	-1
