0.01	0.017934002869440458	0.01	0.05555555555555556	0	0.01	0	0	0	0	0	0.019108280254777073	0	0	0	0.01	0.06493506493506494	0	0	0	0	0	0.01	1
0.01	0	0	0	0	0.01	0	0	0	0.21739130434782605	0	0	0.11111111111111112	0	0	0.01	0	0	0	0	0	0	0	1
0.01	0	0	0	0	0	0	0	0	0	0	0.019108280254777073	0	0	0.026570048309178744	0	0	0	0	0	0.04	0.01	0.01	1
0.01	0	0	0	0	0	0	0.12000000000000002	0	0	0.0303030303030303	0	0	0	0	0	0.06493506493506494	0.01	0	0	0	0	0.01	1
0.01	0	0	0	0	0	0	0.12000000000000002	0.01	0.21739130434782605	0.0303030303030303	0.019108280254777073	0	0	0	0	0	0	0	0.042735042735042736	0.04	0.01	0.01	1
0.01	0	0.01	0	0	0	0	0	0	0	0	0	0.11111111111111112	0.05882352941176471	0.026570048309178744	0	0	0	0	0	0	0	0	1
0.01	0	0	0	0	0	0	0	0.01	0	0	0	0	0	0	0	0	0.01	0	0	0	0.01	0.01	1
0.01	0	0	0	0	0	0	0	0.01	0.21739130434782605	0	0	0.11111111111111112	0	0	0	0	0.01	0	0	0	0.01	0	1
0.01	0	0	0	0	0	0	0	0.01	0	0	0	0	0	0	0	0	0.01	0	0	0.04	0	0	1
0.01	0	0	0.05555555555555556	0	0.01	0	0	0	0.21739130434782605	0	0	0	0	0	0	0	0.01	0	0	0	0.01	0.01	1
0.01	0.017934002869440458	0	0	0	0	0	0	0	0	0	0	0	0	0	0	0	0	0	0	0	0	0	1
0.01	0.017934002869440458	0	0	0	0	0	0	0	0	0.0303030303030303	0	0	0	0	0	0	0	0	0	0	0.01	0	1
0.01	0.017934002869440458	0	0.05555555555555556	0.01	0.01	0	0.12000000000000002	0	0.21739130434782605	0	0.019108280254777073	0	0	0	0.01	0	0	0.033557046979865765	0	0.04	0.01	0.01	-1
0.01	0	0.01	0	0.01	0.01	0.01639344262295082	0	0	0.21739130434782605	0	0.019108280254777073	0	0	0	0	0	0	0	0.042735042735042736	0	0.01	0.01	-1
0.01	0.017934002869440458	0.01	0	0.01	0.01	0.01639344262295082	0	0	0.21739130434782605	0.0303030303030303	0	0.11111111111111112	0	0.026570048309178744	0.01	0	0.01	0.033557046979865765	0.042735042735042736	0.04	0.01	0.01	-1
0.01	0	0	0	0	0	0	0	0.01	0.21739130434782605	0	0.019108280254777073	0.11111111111111112	0.05882352941176471	0.026570048309178744	0.01	0	0.01	0	0	0.04	0	0.01	-1
0.01	0.017934002869440458	0.01	0	0.01	0.01	0	0	0	0.21739130434782605	0.0303030303030303	0.019108280254777073	0.11111111111111112	0.05882352941176471	0.026570048309178744	0.01	0.06493506493506494	0	0	0.042735042735042736	0	0.01	0.01	-1
0.01	0.017934002869440458	0.01	0	0	0.01	0	0.12000000000000002	0	0.21739130434782605	0.0303030303030303	0.019108280254777073	0	0	0	0.01	0.06493506493506494	0	0.033557046979865765	0	0.04	0.01	0.01	-1
0.01	0.017934002869440458	0	0.05555555555555556	0.01	0	0.01639344262295082	0	0.01	0.21739130434782605	0	0.019108280254777073	0	0	0.026570048309178744	0	0	0	0	0.042735042735042736	0	0.01	0.01	-1
0.01	0.017934002869440458	0.01	0.05555555555555556	0.01	0	0	0	0.01	0	0	0	0	0	0.026570048309178744	0.01	0.06493506493506494	0.01	0	0.042735042735042736	0.04	0.01	0.01	-1
0.01	0	0.01	0	0.01	0.01	0.01639344262295082	0	0	0.21739130434782605	0	0.019108280254777073	0	0	0	0	0	0	0	0.042735042735042736	0	0.01	0.01	-1
0.01	0	0.01	0	0.01	0.01	0.01639344262295082	0	0	0.21739130434782605	0	0.019108280254777073	0	0	0	0	0	0	0	0.042735042735042736	0	0.01	0.01	-1
0.01	0.017934002869440458	0.01	0	0.01	0.01	0.01639344262295082	0	0	0.21739130434782605	0.0303030303030303	0	0.11111111111111112	0	0.026570048309178744	0.01	0	0.01	0.033557046979865765	0.042735042735042736	0.04	0.01	0.01	-1
0.01	0.017934002869440458	0.01	0	0.01	0.01	0.01639344262295082	0	0	0.21739130434782605	0.0303030303030303	0	0.11111111111111112	0	0.026570048309178744	0.01	0	0.01	0.033557046979865765	0.042735042735042736	0.04	0.01	0.01	-1
