0.01	0	0	0	0	0	0	0	0	0	0	0	0.01	0	0	0	0	0.01	0.01	1
0.01	0	0	0	0	0	0	0	0.01	0	0	0	0	0	0	0	0	0	0	1
0.01	0	0	0	0	0	0	0	0	0	0.01	0	0	0	0.01	0.01	0	0	0	1
0.01	0.032	0	0	0.01	0	0	0	0	0	0	0	0.01	0	0	0.01	0	0	0	1
0.01	0	0	0.01	0	0	0	0	0	0	0	0	0.01	0	0	0	0	0	0	1
0.01	0	0	0	0	0	0	0	0	0	0	0.01	0	0	0	0.01	0	0	0	1
0.01	0	0	0	0	0	0	0.01	0	0	0	0	0.01	0.01	0.01	0	0	0.01	0	1
0.01	0	0	0	0	0	0	0	0	0	0	0.01	0	0	0	0	0	0.01	0	1
0.01	0	0	0.01	0	0	0	0.01	0	0	0	0	0	0.01	0	0	0	0	0.01	1
0.01	0	0	0.01	0	0	0	0	0	0	0	0	0	0	0	0.01	0	0	0.01	1
0.01	0	0	0	0	0	0.01	0	0	0	0	0.01	0.01	0	0	0.01	0	0	0	1
0.01	0.032	0	0	0	0	0	0	0	0	0	0	0.01	0.01	0.01	0	0	0	0	1
0.01	0	0	0	0.01	0	0	0	0	0	0	0	0.01	0.01	0	0	0.01	0	0.01	1
0.01	0	0	0	0	0	0	0	0	0	0	0	0	0.01	0	0	0	0	0	1
0.01	0	0	0	0	0	0	0	0.01	0	0.01	0	0	0	0.01	0.01	0	0	0	1
0.01	0	0	0	0	0.01	0	0	0	0	0.01	0.01	0.01	0	0	0.01	0	0	0	1
0.01	0	0	0.01	0	0	0	0	0.01	0	0	0	0	0.01	0	0	0.01	0.01	0	1
0.01	0	0	0	0	0	0	0	0	1.0	0.01	0	0.01	0	0	0	0	0.01	0	1
0.01	0	0	0	0	0	0	0	0	0	0	0.01	0.01	0.01	0	0	0	0	0	1
0.01	0	0	0	0	0	0	0	0.01	1.0	0.01	0	0	0	0.01	0.01	0.01	0	0	1
0.01	0	0	0	0	0	0	0	0	0	0	0	0.01	0	0	0	0	0	0.01	1
0.01	0	0	0	0	0	0	0	0	0	0.01	0.01	0.01	0.01	0.01	0	0	0	0.01	1
0.01	0	0	0	0	0	0	0.01	0	0	0	0	0	0	0	0.01	0.01	0	0	1
0.01	0	0	0	0.01	0	0	0	0	0	0	0	0	0	0	0.01	0.01	0	0	1
0.01	0	0	0	0	0	0	0	0	0	0	0	0.01	0	0.01	0	0	0	0.01	1
0.01	0.032	0	0	0	0	0.01	0	0	0	0	0	0.01	0.01	0.01	0	0	0	0	1
0.01	0	0	0	0	0.01	0	0	0	0	0.01	0	0	0.01	0	0	0	0	0	1
0.01	0	0	0.01	0	0	0	0	0	0	0	0.01	0	0.01	0	0	0	0	0	1
0.01	0.032	0	0	0	0	0	0	0	0	0.01	0	0	0	0	0	0	0.01	0	1
0.01	0.032	0	0	0	0	0	0.01	0	0	0	0	0.01	0	0.01	0.01	0	0	0	1
0.01	0	0	0.01	0	0	0	0	0	0	0.01	0	0	0.01	0.01	0.01	0	0	0	1
0.01	0.032	0	0	0	0.01	0	0	0	0	0.01	0	0	0	0	0.01	0	0	0	1
0.01	0	0	0	0	0	0.01	0	0	0	0	0.01	0	0	0.01	0.01	0	0	0	1
0.01	0	0	0	0	0	0	0	0	0	0.01	0	0	0.01	0	0	0	0	0	1
0.01	0	0	0	0	0	0	0	0	1.0	0	0	0	0	0.01	0.01	0.01	0	0	1
0.01	0	0	0	0	0	0	0	0	1.0	0.01	0.01	0	0	0	0	0	0.01	0	1
0.01	0.032	0.3076923076923077	0.01	0	0	0	0	0	0	0.01	0	0	0	0	0	0	0	0.01	1
0.01	0	0	0.01	0	0	0	0	0	0	0	0.01	0.01	0	0	0	0	0.01	0	1
0.01	0	0	0.01	0	0	0	0	0.01	0	0	0	0	0	0	0.01	0.01	0	0	1
0.01	0	0.3076923076923077	0	0	0	0	0	0	0	0	0	0.01	0.01	0.01	0.01	0	0.01	0	1
0.01	0	0	0	0	0	0.01	0.01	0	0	0.01	0.01	0	0	0.01	0	0	0	0	1
0.01	0.032	0	0	0	0	0	0	0	0	0	0.01	0	0	0	0	0	0	0	1
0.01	0	0	0	0	0	0	0	0	0	0	0	0	0.01	0.01	0	0	0	0	1
0.01	0	0	0	0.01	0	0	0	0.01	0	0	0	0	0	0	0	0	0	0.01	1
0.01	0.032	0	0	0	0.01	0	0	0	0	0	0.01	0	0	0	0	0.01	0	0	1
0.01	0.032	0	0	0	0	0	0	0	0	0.01	0	0	0.01	0	0	0	0	0.01	1
0.01	0.032	0	0	0	0	0	0	0	1.0	0.01	0	0	0.01	0.01	0	0	0.01	0	1
0.01	0	0	0	0	0	0	0	0	0	0	0	0.01	0	0	0.01	0	0.01	0	1
0.01	0	0	0.01	0	0	0	0	0	0	0	0	0	0.01	0.01	0	0	0	0	1
0.01	0.032	0	0	0	0	0.01	0	0	0	0	0	0.01	0.01	0	0	0	0	0	1
0.01	0	0	0	0	0	0.01	0	0	0	0.01	0.01	0.01	0	0	0	0	0	0.01	1
0.01	0	0	0	0	0.01	0	0	0	0	0.01	0	0	0	0	0	0	0	0	1
0.01	0.032	0	0	0	0	0	0	0	0	0	0	0.01	0.01	0.01	0	0	0	0	1
0.01	0	0	0.01	0	0	0	0	0	0	0	0	0.01	0	0	0	0	0	0	1
0.01	0	0	0.01	0	0	0	0	0	0	0.01	0	0	0	0.01	0	0	0	0	1
0.01	0.032	0	0	0	0	0	0	0.01	0	0	0.01	0	0	0	0	0	0.01	0	1
0.01	0	0.3076923076923077	0	0	0	0.01	0.01	0	0	0	0.01	0	0	0.01	0	0	0	0.01	1
0.01	0.032	0	0	0	0.01	0	0	0	0	0	0.01	0	0	0	0.01	0	0	0	1
0.01	0	0	0	0	0.01	0	0	0	0	0	0	0.01	0.01	0	0	0.01	0	0	1
0.01	0	0	0	0	0	0	0	0	1.0	0	0	0.01	0	0	0	0	0.01	0	1
0.01	0.032	0	0.01	0	0	0	0	0.01	0	0.01	0	0	0	0.01	0	0	0	0.01	1
0.01	0	0.3076923076923077	0	0	0	0	0	0	0	0.01	0.01	0	0	0	0	0	0	0	1
0.01	0	0	0	0	0	0	0	0	1.0	0	0.01	0	0	0.01	0	0	0	0.01	1
0.01	0	0	0	0.01	0	0	0	0.01	0	0	0.01	0.01	0	0	0	0	0	0.01	1
0.01	0	0.3076923076923077	0	0	0	0	0.01	0	0	0	0.01	0	0	0.01	0	0	0.01	0	1
0.01	0.032	0	0	0	0	0.01	0	0	0	0	0	0	0.01	0.01	0	0	0	0.01	1
0.01	0.032	0	0.01	0	0	0	0	0.01	0	0	0	0.01	0.01	0	0.01	0	0	0	1
0.01	0.032	0	0	0	0	0	0	0	0	0.01	0.01	0	0	0	0	0.01	0.01	0	1
0.01	0	0	0	0	0.01	0	0	0.01	0	0	0.01	0	0.01	0	0	0	0	0	1
0.01	0.032	0	0	0	0.01	0	0	0	0	0.01	0.01	0	0	0	0.01	0	0	0	1
0.01	0	0	0	0	0	0	0	0	0	0.01	0	0.01	0	0.01	0	0	0	0	1
0.01	0	0	0	0	0	0	0.01	0	0	0	0	0.01	0	0	0	0	0	0.01	1
0.01	0.032	0	0	0	0	0.01	0	0	0	0	0.01	0	0	0.01	0.01	0	0	0	1
0.01	0	0.3076923076923077	0	0	0.01	0	0	0	0	0	0.01	0	0.01	0	0	0.01	0	0.01	1
0.01	0	0.3076923076923077	0	0	0	0	0	0	0	0	0	0.01	0	0.01	0	0.01	0	0	1
0.01	0	0	0	0	0.01	0	0	0	0	0.01	0	0	0	0	0	0.01	0	0	1
0.01	0	0	0	0	0.01	0	0	0	0	0	0.01	0.01	0	0	0	0	0	0.01	1
0.01	0	0	0	0	0.01	0	0	0	0	0.01	0	0.01	0.01	0	0	0	0	0	1
0.01	0.032	0	0	0	0	0	0	0	0	0	0	0.01	0	0	0.01	0	0	0	1
0.01	0	0	0	0	0.01	0	0	0	0	0	0.01	0	0	0.01	0	0	0	0	1
0.01	0	0	0.01	0	0	0	0.01	0.01	0	0	0	0	0	0.01	0.01	0	0	0	1
0.01	0	0.3076923076923077	0	0	0.01	0	0	0.01	0	0	0	0	0	0.01	0	0	0	0.01	1
0.01	0	0	0	0	0	0	0.01	0.01	0	0	0	0.01	0.01	0.01	0	0.01	0	0	1
0.01	0	0	0	0	0.01	0	0	0	0	0	0	0.01	0	0	0	0	0	0	1
0.01	0	0	0	0	0	0	0	0	0	0	0.01	0.01	0	0	0	0	0	0	1
0.01	0.032	0	0.01	0	0.01	0.01	0	0.01	0	0.01	0.01	0	0.01	0.01	0	0.01	0	0.01	-1
0.01	0.032	0.3076923076923077	0.01	0	0.01	0.01	0	0.01	0	0.01	0.01	0.01	0.01	0.01	0	0	0.01	0.01	-1
0.01	0.032	0	0	0.01	0.01	0.01	0.01	0	1.0	0.01	0.01	0	0.01	0.01	0	0	0	0.01	-1
0.01	0	0.3076923076923077	0.01	0	0.01	0.01	0.01	0	0	0	0.01	0.01	0.01	0.01	0	0.01	0.01	0.01	-1
0.01	0	0.3076923076923077	0	0	0.01	0.01	0.01	0.01	1.0	0.01	0.01	0.01	0	0.01	0	0.01	0.01	0.01	-1
0.01	0.032	0	0.01	0	0.01	0.01	0.01	0.01	0	0.01	0.01	0	0	0	0	0.01	0	0.01	-1
0.01	0	0	0	0	0	0.01	0	0.01	0	0	0.01	0.01	0.01	0.01	0.01	0	0.01	0	-1
0.01	0.032	0.3076923076923077	0.01	0	0.01	0.01	0	0	0	0.01	0	0.01	0	0	0	0	0.01	0.01	-1
0.01	0	0	0	0	0	0.01	0.01	0	0	0	0	0	0	0.01	0	0.01	0	0.01	-1
0.01	0.032	0.3076923076923077	0	0	0	0.01	0	0.01	1.0	0.01	0	0.01	0.01	0	0.01	0.01	0	0	-1
0.01	0.032	0	0	0	0	0	0.01	0.01	1.0	0.01	0.01	0.01	0.01	0	0	0.01	0.01	0	-1
0.01	0.032	0	0.01	0.01	0.01	0.01	0.01	0.01	0	0	0.01	0	0.01	0.01	0	0.01	0.01	0.01	-1
0.01	0.032	0.3076923076923077	0.01	0.01	0.01	0.01	0	0	1.0	0	0.01	0	0.01	0.01	0	0.01	0.01	0.01	-1
0.01	0.032	0	0.01	0.01	0	0.01	0.01	0.01	1.0	0	0.01	0.01	0.01	0.01	0.01	0.01	0.01	0.01	-1
0.01	0.032	0	0.01	0.01	0.01	0.01	0	0	0	0	0.01	0.01	0.01	0.01	0.01	0.01	0	0.01	-1
0.01	0.032	0.3076923076923077	0.01	0	0.01	0	0.01	0.01	0	0.01	0.01	0.01	0	0.01	0	0	0	0.01	-1
0.01	0.032	0.3076923076923077	0.01	0	0	0	0.01	0.01	1.0	0.01	0	0.01	0	0.01	0.01	0.01	0.01	0.01	-1
0.01	0.032	0.3076923076923077	0.01	0	0.01	0.01	0	0.01	0	0.01	0.01	0.01	0.01	0.01	0	0	0.01	0.01	-1
0.01	0.032	0.3076923076923077	0.01	0	0.01	0	0.01	0.01	0	0.01	0.01	0.01	0	0.01	0	0	0	0.01	-1
0.01	0.032	0	0.01	0.01	0.01	0.01	0	0	0	0	0.01	0.01	0.01	0.01	0.01	0.01	0	0.01	-1
0.01	0.032	0	0.01	0.01	0.01	0.01	0	0.01	1.0	0.01	0	0.01	0	0	0.01	0.01	0	0.01	-1
0.01	0.032	0.3076923076923077	0	0.01	0	0.01	0.01	0.01	1.0	0.01	0	0.01	0.01	0.01	0	0	0.01	0.01	-1
0.01	0.032	0.3076923076923077	0.01	0	0.01	0	0.01	0.01	0	0.01	0.01	0.01	0	0.01	0	0	0	0.01	-1
0.01	0.032	0	0.01	0.01	0.01	0.01	0	0	0	0	0.01	0.01	0.01	0.01	0.01	0.01	0	0.01	-1
0.01	0.032	0	0.01	0.01	0.01	0.01	0	0	0	0	0.01	0.01	0.01	0.01	0.01	0.01	0	0.01	-1
0.01	0.032	0	0	0.01	0.01	0.01	0	0.01	1.0	0	0.01	0	0.01	0.01	0	0	0	0.01	-1
0.01	0.032	0	0.01	0.01	0.01	0.01	0.01	0.01	0	0.01	0.01	0.01	0.01	0	0	0.01	0.01	0.01	-1
0.01	0.032	0.3076923076923077	0.01	0.01	0.01	0.01	0.01	0.01	1.0	0.01	0.01	0.01	0.01	0.01	0.01	0.01	0.01	0.01	-1
0.01	0	0	0.01	0.01	0	0.01	0.01	0	0	0.01	0.01	0.01	0	0	0	0	0	0	-1
0.01	0.032	0	0	0.01	0.01	0	0	0	1.0	0.01	0	0.01	0	0.01	0.01	0.01	0.01	0	-1
0.01	0	0	0.01	0.01	0	0.01	0.01	0	0	0.01	0.01	0.01	0	0	0	0	0	0	-1
0.01	0.032	0	0	0.01	0.01	0.01	0	0.01	1.0	0	0.01	0	0.01	0.01	0	0	0	0.01	-1
0.01	0.032	0	0	0.01	0.01	0.01	0	0.01	1.0	0	0.01	0	0.01	0.01	0	0	0	0.01	-1
0.01	0.032	0.3076923076923077	0.01	0.01	0.01	0	0	0.01	0	0.01	0.01	0	0.01	0	0	0.01	0	0	-1
0.01	0.032	0	0.01	0.01	0.01	0.01	0.01	0.01	0	0	0.01	0	0.01	0.01	0	0.01	0.01	0.01	-1
0.01	0.032	0	0.01	0.01	0.01	0.01	0	0	0	0	0.01	0.01	0.01	0.01	0.01	0.01	0	0.01	-1
0.01	0.032	0.3076923076923077	0.01	0.01	0	0.01	0.01	0.01	1.0	0	0	0	0.01	0.01	0	0	0.01	0.01	-1
0.01	0.032	0.3076923076923077	0.01	0	0.01	0	0.01	0.01	0	0.01	0.01	0.01	0.01	0.01	0	0	0.01	0.01	-1
0.01	0	0	0.01	0.01	0	0.01	0.01	0	0	0.01	0.01	0.01	0	0	0	0	0	0	-1
0.01	0.032	0	0	0.01	0.01	0.01	0	0	0	0.01	0.01	0.01	0.01	0	0.01	0.01	0.01	0.01	-1
0.01	0	0	0.01	0.01	0	0	0.01	0	1.0	0	0.01	0	0	0.01	0	0	0	0.01	-1
0.01	0.032	0	0	0	0	0	0.01	0.01	0	0	0.01	0	0.01	0.01	0.01	0	0	0.01	-1
0.01	0.032	0.3076923076923077	0.01	0	0.01	0	0.01	0.01	0	0.01	0.01	0.01	0	0.01	0	0	0	0.01	-1
0.01	0.032	0.3076923076923077	0.01	0	0	0.01	0	0	0	0.01	0.01	0.01	0.01	0	0.01	0	0.01	0	-1
0.01	0.032	0	0	0	0	0	0.01	0.01	0	0.01	0.01	0.01	0.01	0	0.01	0.01	0.01	0.01	-1
0.01	0	0.3076923076923077	0	0.01	0	0.01	0.01	0.01	1.0	0.01	0.01	0.01	0.01	0	0	0.01	0.01	0.01	-1
0.01	0	0	0.01	0.01	0	0.01	0.01	0	0	0.01	0.01	0.01	0	0	0	0	0	0	-1
0.01	0.032	0	0.01	0.01	0	0.01	0.01	0.01	1.0	0	0.01	0.01	0.01	0.01	0.01	0.01	0.01	0.01	-1
0.01	0.032	0.3076923076923077	0.01	0	0.01	0	0.01	0.01	0	0.01	0.01	0.01	0	0.01	0	0	0	0.01	-1
0.01	0.032	0	0.01	0	0.01	0	0.01	0	0	0	0.01	0.01	0	0.01	0.01	0	0.01	0.01	-1
0.01	0.032	0	0	0.01	0.01	0.01	0	0.01	1.0	0	0.01	0	0.01	0.01	0	0	0	0.01	-1
0.01	0	0	0.01	0.01	0	0.01	0.01	0	0	0.01	0.01	0.01	0	0	0	0	0	0	-1
0.01	0	0	0.01	0.01	0	0	0.01	0	1.0	0	0.01	0	0	0.01	0	0	0	0.01	-1
0.01	0.032	0.3076923076923077	0.01	0.01	0	0.01	0.01	0	1.0	0	0.01	0.01	0.01	0.01	0.01	0	0.01	0	-1
0.01	0.032	0.3076923076923077	0.01	0.01	0	0.01	0.01	0	1.0	0	0.01	0.01	0.01	0.01	0.01	0	0.01	0	-1
0.01	0.032	0	0.01	0.01	0.01	0.01	0.01	0.01	0	0	0.01	0	0.01	0.01	0	0.01	0.01	0.01	-1
0.01	0.032	0.3076923076923077	0.01	0	0.01	0.01	0.01	0.01	0	0.01	0.01	0.01	0.01	0.01	0	0	0.01	0.01	-1
0.01	0.032	0	0	0	0	0	0.01	0.01	0	0.01	0.01	0.01	0.01	0	0.01	0.01	0.01	0.01	-1
0.01	0.032	0	0.01	0.01	0.01	0.01	0.01	0.01	0	0	0.01	0	0.01	0.01	0	0.01	0.01	0.01	-1
0.01	0.032	0	0.01	0.01	0	0.01	0.01	0.01	1.0	0	0.01	0.01	0.01	0.01	0.01	0.01	0.01	0.01	-1
0.01	0.032	0.3076923076923077	0	0.01	0.01	0	0	0.01	1.0	0.01	0.01	0.01	0.01	0.01	0.01	0.01	0.01	0.01	-1
0.01	0	0.3076923076923077	0	0.01	0	0.01	0.01	0.01	1.0	0.01	0.01	0.01	0.01	0	0	0.01	0.01	0.01	-1
0.01	0	0	0	0.01	0.01	0.01	0	0.01	1.0	0.01	0	0.01	0.01	0.01	0	0.01	0	0	-1
0.01	0	0	0.01	0.01	0	0.01	0.01	0	0	0.01	0.01	0.01	0	0	0	0	0	0	-1
0.01	0.032	0.3076923076923077	0	0	0.01	0	0	0	0	0	0.01	0.01	0	0.01	0	0.01	0.01	0.01	-1
0.01	0.032	0.3076923076923077	0.01	0.01	0.01	0	0	0	1.0	0.01	0.01	0.01	0	0.01	0.01	0.01	0	0.01	-1
0.01	0	0.3076923076923077	0.01	0	0	0.01	0.01	0.01	0	0	0	0	0.01	0	0.01	0.01	0.01	0.01	-1
0.01	0	0.3076923076923077	0.01	0	0.01	0	0.01	0.01	0	0.01	0.01	0.01	0.01	0.01	0.01	0.01	0.01	0	-1
0.01	0.032	0.3076923076923077	0.01	0	0.01	0	0.01	0.01	0	0.01	0.01	0.01	0	0.01	0	0	0	0.01	-1
0.01	0.032	0	0	0.01	0.01	0.01	0	0.01	1.0	0	0.01	0	0.01	0.01	0	0	0	0.01	-1
0.01	0.032	0	0.01	0.01	0.01	0.01	0.01	0.01	0	0	0.01	0	0.01	0.01	0	0.01	0.01	0.01	-1
0.01	0.032	0.3076923076923077	0	0.01	0.01	0	0.01	0.01	0	0	0.01	0.01	0	0	0.01	0.01	0.01	0	-1
0.01	0.032	0.3076923076923077	0.01	0	0	0.01	0	0	0	0.01	0.01	0	0	0.01	0.01	0.01	0.01	0	-1
0.01	0.032	0	0.01	0.01	0	0.01	0.01	0.01	1.0	0	0.01	0.01	0.01	0.01	0.01	0.01	0.01	0.01	-1
0.01	0	0.3076923076923077	0.01	0.01	0.01	0.01	0.01	0.01	1.0	0.01	0.01	0.01	0.01	0	0	0.01	0.01	0	-1
0.01	0.032	0	0.01	0.01	0.01	0.01	0.01	0.01	0	0	0.01	0	0.01	0.01	0	0.01	0.01	0.01	-1
0.01	0.032	0	0.01	0.01	0.01	0.01	0.01	0.01	0	0.01	0.01	0.01	0.01	0	0	0.01	0.01	0.01	-1
0.01	0	0	0.01	0.01	0	0.01	0.01	0	0	0.01	0.01	0.01	0	0	0	0	0	0	-1
0.01	0.032	0.3076923076923077	0.01	0.01	0	0.01	0.01	0.01	1.0	0.01	0.01	0	0.01	0	0.01	0.01	0.01	0	-1
0.01	0.032	0.3076923076923077	0	0.01	0	0.01	0	0.01	1.0	0	0.01	0.01	0.01	0.01	0	0	0	0.01	-1
0.01	0.032	0	0.01	0	0.01	0.01	0.01	0.01	0	0.01	0.01	0	0	0	0	0.01	0	0.01	-1
0.01	0	0.3076923076923077	0	0.01	0	0	0.01	0	1.0	0.01	0.01	0	0.01	0.01	0.01	0.01	0.01	0.01	-1
0.01	0	0.3076923076923077	0	0	0.01	0.01	0.01	0.01	1.0	0.01	0.01	0.01	0	0.01	0	0.01	0.01	0.01	-1
0.01	0.032	0.3076923076923077	0	0.01	0.01	0	0.01	0.01	0	0	0.01	0.01	0	0	0.01	0.01	0.01	0	-1
0.01	0.032	0.3076923076923077	0.01	0	0	0	0.01	0.01	1.0	0.01	0	0.01	0	0.01	0.01	0.01	0.01	0.01	-1
