0.01	0.048514851485148516	0	0	0	0	0	0	0	0	0	0.1343283582089552	0	0	0	0	0.01	0	0	0	0	0.3	0.05341246290801186	1
0.01	0	0.02390438247011952	0	0	0	0	0	0	0.0547945205479452	0	0	0.027397260273972605	0	0.05490848585690515	0	0	0	0	0	0	0	0	1
0.01	0	0	0	0	0	0	0.01	0	0	0	0	0.01	0	0	0	0	0	0	0	0	0	0.05341246290801186	1
0.01	0	0	0	0	0	0.01	0	0	0	0	0	0	0	0	0	0.01	0.1515151515151515	0.01	0	0	0	0	1
0.01	0.048514851485148516	0.048076923076923066	0.01	0	0	0	0	0.1343283582089552	0	0	0.1343283582089552	0.01	0	0	0	0	0	0	0	0	0	0	1
0.01	0.048514851485148516	0	0	0	0	0	0	0	0	0.01	0	0.01	0	0	0.03333333333333333	0	0	0	0	0	0	0	1
0.01	0	0	0	0	0.053435114503816786	0	0	0	0	0	0	0.01	0	0	0	0	0	0	0	0	0	0	1
0.01	0	0	0.01	0	0	0	0	0	0	0.01	0	0	0	0	0	0	0	0.01	0.043307086614173235	0	0	0	1
0.01	0.048514851485148516	0	0	0	0	0	0	0	0	0.01	0	0.01	0	0	0	0	0	0	0	0.34210526315789475	0	0	1
0.01	0	0	0	0.0364963503649635	0	0	0	0	0	0	0	0.01	0	0	0	0	0	0.01	0	0	0	0	1
0.01	0	0	0	0	0	0.01	0	0	0	0	0	0.01	0	0	0	0	0	0.01	0	0	0	0	1
0.01	0.048514851485148516	0.048076923076923066	0	0	0	0	0	0	0	0	0.1343283582089552	0	0	0.01	0	0	0	0.01	0	0	0	0	1
0.01	0	0.048076923076923066	0	0	0	0	0	0	0	0	0.1343283582089552	0.01	0	0	0	0	0	0	0	0	0	0	1
0.01	0	0	0	0	0	0	0	0	0.07142857142857142	0.01	0	0	0.09259259259259259	0.01	0	0	0	0	0	0	0	0	1
0.01	0	0.048076923076923066	0	0	0	0	0	0	0	0	0	0	0	0.01	0	0	0	0.01	0.043307086614173235	0	0	0	1
0.01	0	0	0	0	0	0	0	0	0	0	0.1343283582089552	0.01	0	0	0.03333333333333333	0.01	0	0	0	0	0	0	1
0.01	0	0.048076923076923066	0	0	0	0	0	0	0	0	0	0	0	0.01	0	0	0	0.01	0.043307086614173235	0	0	0	1
0.01	0.048514851485148516	0.048076923076923066	0	0	0	0.01	0	0	0	0	0	0	0	0	0	0.01	0	0	0	0	0	0	1
0.01	0	0	0.01	0	0	0	0	0	0	0	0	0.01	0	0.01	0	0	0	0	0	0.34210526315789475	0	0	1
0.01	0	0	0	0	0	0	0.01	0.1343283582089552	0	0	0	0	0.09259259259259259	0.01	0	0	0	0.01	0	0	0	0	1
0.01	0	0	0	0	0	0	0.01	0	0	0	0	0.01	0	0	0	0	0	0	0.043307086614173235	0.34210526315789475	0	0	1
0.01	0.048514851485148516	0	0	0	0	0	0	0	0	0	0.1343283582089552	0.01	0.09259259259259259	0	0	0.01	0	0	0	0	0	0	1
0.01	0.048514851485148516	0	0.01	0	0	0	0	0	0	0.01	0	0.01	0	0	0	0	0	0	0	0	0	0	1
0.01	0	0.048076923076923066	0	0	0	0	0	0	0	0.01	0	0	0	0.01	0	0	0	0	0.043307086614173235	0	0	0	1
0.01	0	0	0	0	0	0	0	0	0	0	0.1343283582089552	0.01	0	0	0	0.01	0.1515151515151515	0	0	0	0	0	1
0.01	0	0	0.01	0.0364963503649635	0	0	0	0	0	0.01	0	0.01	0.09259259259259259	0	0	0	0	0	0	0	0	0	1
0.01	0	0	0.01	0	0	0.01	0	0	0	0	0	0	0	0.01	0	0.01	0	0	0	0	0	0	1
0.01	0	0	0	0	0	0	0	0	0.0547945205479452	0	0	0	0	0.05490848585690515	0.062264150943396226	0	0	0	0	0	0	0	1
0.01	0.048514851485148516	0	0	0	0	0	0	0	0	0.01	0.1343283582089552	0	0	0	0	0	0	0	0	0	0	0	1
0.01	0	0	0	0	0	0	0.01	0	0	0	0	0.01	0	0	0.03333333333333333	0.01	0	0	0	0	0	0	1
0.01	0.048514851485148516	0	0	0.0364963503649635	0	0	0	0	0	0	0	0.01	0	0.01	0	0	0	0	0	0	0	0.05341246290801186	1
0.01	0.048514851485148516	0.048076923076923066	0	0	0	0	0	0	0	0	0	0	0	0.01	0	0	0	0	0	0	0	0	1
0.01	0	0	0.01	0	0	0	0	0	0	0	0	0	0	0.01	0	0	0	0	0	0	0.3	0.05341246290801186	1
0.01	0	0	0	0	0.053435114503816786	0	0	0	0	0	0	0.01	0	0	0	0	0	0	0	0	0	0	1
0.01	0	0	0.01	0	0	0	0	0	0	0	0	0	0	0.01	0.03333333333333333	0.01	0	0	0	0	0	0	1
0.01	0	0	0	0	0	0	0	0	0	0	0	0	0	0.01	0.03333333333333333	0.01	0	0	0	0	0	0	1
0.01	0	0	0.01	0.0364963503649635	0	0	0	0	0	0	0	0.01	0	0	0	0.01	0	0.01	0	0	0	0	1
0.01	0	0	0	0	0	0	0	0	0.07142857142857142	0.01	0	0	0	0.01	0	0	0	0	0	0	0	0	1
0.01	0	0	0	0	0	0	0	0	0	0.01	0.1343283582089552	0.01	0	0	0	0	0	0	0	0	0	0	1
0.01	0	0	0.01	0.0364963503649635	0	0	0	0	0	0.01	0.1343283582089552	0.01	0	0	0	0	0.1515151515151515	0.01	0	0	0	0	1
0.01	0	0.048076923076923066	0	0	0	0	0	0	0	0	0	0	0	0	0.03333333333333333	0.01	0	0	0	0	0	0	1
0.01	0	0	0	0	0	0	0	0	0	0.01	0.1343283582089552	0	0	0	0.03333333333333333	0	0	0	0	0.34210526315789475	0	0	1
0.01	0	0.048076923076923066	0.01	0	0	0.01	0	0	0	0	0.1343283582089552	0	0	0	0	0	0	0	0	0	0	0	1
0.01	0	0	0	0	0	0	0.01	0	0	0	0.1343283582089552	0.01	0	0	0	0	0	0	0	0	0	0	1
0.01	0	0	0	0	0	0	0	0	0	0.01	0	0.01	0	0	0	0	0	0	0	0	0	0	1
0.01	0	0	0	0	0	0	0.01	0.1343283582089552	0	0	0	0.01	0	0	0	0	0	0.01	0	0	0	0	1
0.01	0	0.048076923076923066	0	0	0	0	0	0	0	0.01	0.1343283582089552	0.01	0	0	0	0.01	0.1515151515151515	0	0	0	0	0	1
0.01	0	0.048076923076923066	0	0	0	0	0.01	0	0	0	0	0	0.09259259259259259	0.01	0	0	0	0	0	0	0	0	1
0.01	0	0	0	0	0	0	0	0	0	0	0.1343283582089552	0.01	0	0	0	0.01	0.1515151515151515	0	0	0	0	0	1
0.01	0	0	0.01	0.0364963503649635	0	0	0	0	0	0.01	0.1343283582089552	0.01	0	0	0	0	0.1515151515151515	0.01	0	0	0	0	1
0.01	0	0.048076923076923066	0	0	0	0	0	0	0	0	0	0.01	0.09259259259259259	0.01	0	0	0	0	0.043307086614173235	0	0	0	1
0.01	0	0	0	0	0	0	0	0	0	0.01	0.1343283582089552	0.01	0	0	0	0	0.1515151515151515	0	0	0	0	0	1
0.01	0.048514851485148516	0	0	0	0.053435114503816786	0	0	0	0	0	0.1343283582089552	0.01	0	0	0	0	0	0	0.043307086614173235	0	0	0	1
0.01	0.048514851485148516	0.048076923076923066	0	0	0	0	0	0	0	0.01	0	0	0	0	0	0.01	0	0	0	0	0	0	1
0.01	0	0.048076923076923066	0	0	0	0.01	0	0	0	0	0.1343283582089552	0.01	0	0	0	0	0	0.01	0	0	0	0	1
0.01	0	0.048076923076923066	0.01	0.0364963503649635	0	0	0	0	0	0.01	0	0	0	0	0	0	0	0.01	0	0	0	0	1
0.01	0.048514851485148516	0	0	0	0	0	0	0	0.07142857142857142	0	0	0.01	0.09259259259259259	0.01	0.03333333333333333	0	0	0	0	0	0	0	1
0.01	0	0	0	0	0	0	0	0	0.07142857142857142	0	0	0.01	0	0	0	0.01	0	0	0	0	0	0	1
0.01	0.048514851485148516	0	0	0	0	0	0	0	0	0	0.1343283582089552	0	0	0	0	0	0	0.01	0	0	0	0	1
0.01	0	0.048076923076923066	0	0	0.053435114503816786	0.01	0	0	0	0.01	0	0	0.09259259259259259	0.01	0	0.01	0	0.01	0	0	0.3	0	-1
0.01	0	0	0.01	0.0364963503649635	0.053435114503816786	0.01	0.01	0.1343283582089552	0.07142857142857142	0.01	0	0.01	0.09259259259259259	0.01	0	0.01	0	0	0	0.34210526315789475	0	0.05341246290801186	-1
0.01	0	0	0	0	0	0	0	0.1343283582089552	0	0.01	0	0	0.09259259259259259	0	0	0.01	0	0	0.043307086614173235	0	0	0.05341246290801186	-1
0.01	0.048514851485148516	0	0.01	0.0364963503649635	0	0.01	0.01	0.1343283582089552	0.07142857142857142	0.01	0	0.01	0.09259259259259259	0.01	0	0.01	0.1515151515151515	0	0	0	0.3	0	-1
0.01	0	0.048076923076923066	0	0	0	0.01	0	0	0	0	0.1343283582089552	0	0	0.01	0	0.01	0	0	0	0	0.3	0.05341246290801186	-1
0.01	0	0	0.01	0.0364963503649635	0	0	0	0.1343283582089552	0	0.01	0	0.01	0	0	0	0	0	0.01	0	0	0.3	0.05341246290801186	-1
0.01	0	0.048076923076923066	0	0	0.053435114503816786	0	0.01	0.1343283582089552	0.07142857142857142	0	0	0.01	0	0.01	0	0	0	0	0	0	0	0.05341246290801186	-1
0.01	0.048514851485148516	0	0	0	0.053435114503816786	0	0	0	0.07142857142857142	0.01	0	0.01	0	0.01	0	0.01	0	0	0.043307086614173235	0.34210526315789475	0	0.05341246290801186	-1
0.01	0.048514851485148516	0	0.01	0.0364963503649635	0	0	0	0	0.07142857142857142	0.01	0	0.01	0	0	0.03333333333333333	0	0	0.01	0.043307086614173235	0.34210526315789475	0	0	-1
0.01	0.048514851485148516	0.048076923076923066	0	0.0364963503649635	0	0.01	0	0.1343283582089552	0.07142857142857142	0.01	0.1343283582089552	0.01	0.09259259259259259	0.01	0	0.01	0	0.01	0.043307086614173235	0.34210526315789475	0	0.05341246290801186	-1
0.01	0.048514851485148516	0	0.01	0.0364963503649635	0	0	0	0.1343283582089552	0	0.01	0.1343283582089552	0.01	0	0.01	0	0	0	0	0.043307086614173235	0.34210526315789475	0	0	-1
0.01	0	0	0	0	0	0.01	0.01	0	0.07142857142857142	0.01	0	0	0.09259259259259259	0.01	0	0	0	0.01	0	0	0	0.05341246290801186	-1
0.01	0.048514851485148516	0	0.01	0	0.053435114503816786	0.01	0	0	0	0	0	0	0.09259259259259259	0.01	0.03333333333333333	0	0	0.01	0	0	0	0	-1
0.01	0.048514851485148516	0	0.01	0	0	0	0	0.1343283582089552	0.07142857142857142	0	0.1343283582089552	0.01	0	0.01	0	0.01	0	0	0	0	0	0	-1
0.01	0.048514851485148516	0.048076923076923066	0.01	0	0	0	0	0	0.07142857142857142	0.01	0	0.01	0	0	0	0.01	0	0.01	0	0	0	0	-1
0.01	0	0	0	0	0	0	0.01	0.1343283582089552	0	0	0	0	0	0.01	0	0.01	0.1515151515151515	0	0	0	0	0.05341246290801186	-1
0.01	0.048514851485148516	0	0.01	0	0	0	0.01	0.1343283582089552	0	0.01	0.1343283582089552	0	0.09259259259259259	0	0.03333333333333333	0	0	0.01	0	0.34210526315789475	0	0	-1
0.01	0	0.048076923076923066	0.01	0	0	0	0.01	0	0	0	0	0	0	0	0.03333333333333333	0.01	0	0	0	0	0	0	-1
0.01	0.048514851485148516	0	0	0	0	0	0	0	0	0	0	0	0.09259259259259259	0.01	0.03333333333333333	0	0	0	0.043307086614173235	0	0	0	-1
0.01	0	0.048076923076923066	0	0	0	0	0.01	0.1343283582089552	0.07142857142857142	0.01	0	0.01	0.09259259259259259	0.01	0	0.01	0	0	0.043307086614173235	0	0.3	0.05341246290801186	-1
0.01	0.048514851485148516	0.048076923076923066	0	0	0	0.01	0.01	0.1343283582089552	0.07142857142857142	0.01	0	0.01	0	0	0.03333333333333333	0.01	0.1515151515151515	0.01	0	0.34210526315789475	0.3	0.05341246290801186	-1
0.01	0	0.048076923076923066	0.01	0	0	0	0	0	0	0.01	0	0	0	0.01	0.03333333333333333	0.01	0	0.01	0.043307086614173235	0	0.3	0	-1
0.01	0	0	0.01	0.0364963503649635	0	0	0.01	0	0	0.01	0.1343283582089552	0	0	0.01	0	0	0	0	0.043307086614173235	0	0	0	-1
0.01	0.048514851485148516	0	0	0	0.053435114503816786	0	0	0	0	0.01	0.1343283582089552	0.01	0	0.01	0	0	0.1515151515151515	0	0.043307086614173235	0	0.3	0.05341246290801186	-1
0.01	0.048514851485148516	0	0	0	0	0	0	0	0	0	0.1343283582089552	0.01	0	0.01	0.03333333333333333	0.01	0	0.01	0	0	0	0	-1
0.01	0	0	0.01	0	0	0	0	0	0	0	0	0.01	0	0.01	0.03333333333333333	0.01	0	0	0	0.34210526315789475	0	0.05341246290801186	-1
0.01	0	0.048076923076923066	0	0	0	0	0	0	0	0.01	0	0.01	0	0	0.03333333333333333	0.01	0.1515151515151515	0.01	0	0	0	0	-1
0.01	0.048514851485148516	0	0.01	0	0	0	0.01	0.1343283582089552	0.07142857142857142	0.01	0	0.01	0.09259259259259259	0.01	0.03333333333333333	0.01	0	0.01	0.043307086614173235	0	0	0.05341246290801186	-1
0.01	0	0	0.01	0	0.053435114503816786	0	0.01	0	0.07142857142857142	0.01	0	0.01	0.09259259259259259	0.01	0	0	0.1515151515151515	0	0.043307086614173235	0	0.3	0	-1
0.01	0.048514851485148516	0.048076923076923066	0	0	0.053435114503816786	0.01	0.01	0.1343283582089552	0.07142857142857142	0.01	0	0.01	0	0.01	0.03333333333333333	0	0	0.01	0.043307086614173235	0	0	0.05341246290801186	-1
0.01	0	0	0.01	0	0	0	0	0	0	0	0	0	0	0.01	0.03333333333333333	0.01	0	0.01	0.043307086614173235	0.34210526315789475	0	0.05341246290801186	-1
0.01	0.048514851485148516	0	0	0	0	0	0.01	0.1343283582089552	0	0.01	0	0.01	0.09259259259259259	0.01	0	0.01	0	0	0.043307086614173235	0	0.3	0	-1
0.01	0.048514851485148516	0	0.01	0.0364963503649635	0	0.01	0.01	0	0	0.01	0.1343283582089552	0.01	0.09259259259259259	0	0.03333333333333333	0.01	0	0.01	0.043307086614173235	0	0	0.05341246290801186	-1
0.01	0.048514851485148516	0.048076923076923066	0.01	0.0364963503649635	0	0.01	0.01	0.1343283582089552	0	0.01	0.1343283582089552	0	0	0.01	0	0	0	0.01	0	0.34210526315789475	0.3	0.05341246290801186	-1
0.01	0	0	0	0.0364963503649635	0	0	0.01	0	0	0.01	0	0.01	0	0.01	0.03333333333333333	0.01	0	0.01	0	0.34210526315789475	0.3	0	-1
0.01	0.048514851485148516	0	0	0	0	0	0	0	0.07142857142857142	0.01	0	0.01	0.09259259259259259	0	0.03333333333333333	0	0	0.01	0	0.34210526315789475	0.3	0	-1
0.01	0	0.048076923076923066	0	0	0	0.01	0.01	0	0	0.01	0	0.01	0.09259259259259259	0	0	0.01	0	0	0	0	0	0	-1
0.01	0.048514851485148516	0	0	0	0	0.01	0.01	0	0	0	0	0.01	0	0	0	0	0.1515151515151515	0	0	0	0.3	0	-1
0.01	0.048514851485148516	0.048076923076923066	0	0	0	0.01	0	0.1343283582089552	0.07142857142857142	0	0.1343283582089552	0.01	0	0	0	0.01	0.1515151515151515	0	0	0	0	0	-1
0.01	0	0.048076923076923066	0.01	0.0364963503649635	0	0	0.01	0	0.07142857142857142	0.01	0.1343283582089552	0.01	0	0	0.03333333333333333	0.01	0	0.01	0.043307086614173235	0	0.3	0	-1
0.01	0	0.048076923076923066	0.01	0	0	0.01	0.01	0.1343283582089552	0	0.01	0.1343283582089552	0	0	0.01	0	0.01	0.1515151515151515	0	0.043307086614173235	0.34210526315789475	0.3	0	-1
0.01	0	0	0	0	0.053435114503816786	0	0	0	0	0.01	0.1343283582089552	0.01	0.09259259259259259	0	0	0	0	0.01	0	0	0	0.05341246290801186	-1
0.01	0	0.048076923076923066	0	0.0364963503649635	0.053435114503816786	0	0.01	0	0	0.01	0.1343283582089552	0.01	0	0.01	0.03333333333333333	0.01	0.1515151515151515	0.01	0.043307086614173235	0.34210526315789475	0	0	-1
0.01	0	0	0.01	0.0364963503649635	0	0	0	0	0	0.01	0	0.01	0.09259259259259259	0	0	0.01	0	0.01	0.043307086614173235	0	0.3	0	-1
0.01	0	0	0	0.0364963503649635	0	0.01	0	0	0	0.01	0	0.01	0	0.01	0	0.01	0	0	0	0.34210526315789475	0.3	0	-1
0.01	0.048514851485148516	0.048076923076923066	0	0.0364963503649635	0.053435114503816786	0.01	0.01	0	0	0.01	0.1343283582089552	0.01	0.09259259259259259	0	0	0	0	0.01	0.043307086614173235	0	0.3	0.05341246290801186	-1
0.01	0.048514851485148516	0.048076923076923066	0	0	0	0.01	0.01	0.1343283582089552	0.07142857142857142	0.01	0	0.01	0	0	0.03333333333333333	0.01	0.1515151515151515	0.01	0	0.34210526315789475	0.3	0.05341246290801186	-1
0.01	0	0	0.01	0	0	0.01	0.01	0	0.07142857142857142	0.01	0.1343283582089552	0.01	0.09259259259259259	0	0	0	0	0.01	0.043307086614173235	0.34210526315789475	0	0	-1
0.01	0.048514851485148516	0.048076923076923066	0	0	0	0	0.01	0	0	0.01	0.1343283582089552	0	0	0	0	0.01	0	0.01	0	0	0.3	0	-1
0.01	0.048514851485148516	0	0.01	0	0	0	0	0	0.07142857142857142	0.01	0.1343283582089552	0.01	0.09259259259259259	0	0	0.01	0	0	0.043307086614173235	0.34210526315789475	0.3	0	-1
0.01	0	0.048076923076923066	0.01	0	0	0.01	0.01	0	0	0.01	0	0	0	0	0	0	0.1515151515151515	0.01	0	0.34210526315789475	0	0.05341246290801186	-1
0.01	0.048514851485148516	0.048076923076923066	0	0	0.053435114503816786	0	0.01	0.1343283582089552	0	0.01	0.1343283582089552	0.01	0	0.01	0	0.01	0	0.01	0.043307086614173235	0.34210526315789475	0.3	0	-1
0.01	0.048514851485148516	0.048076923076923066	0.01	0	0.053435114503816786	0.01	0.01	0.1343283582089552	0.07142857142857142	0.01	0.1343283582089552	0.01	0	0.01	0.03333333333333333	0.01	0.1515151515151515	0.01	0.043307086614173235	0	0.3	0	-1
0.01	0.048514851485148516	0.048076923076923066	0.01	0.0364963503649635	0.053435114503816786	0.01	0	0.1343283582089552	0	0.01	0	0.01	0	0.01	0.03333333333333333	0.01	0	0.01	0.043307086614173235	0	0.3	0	-1
0.01	0	0.048076923076923066	0	0	0	0	0	0	0	0.01	0	0.01	0	0.01	0.03333333333333333	0	0	0	0	0.34210526315789475	0	0	-1
0.01	0	0	0	0	0.053435114503816786	0.01	0	0.1343283582089552	0	0	0.1343283582089552	0	0.09259259259259259	0.01	0	0	0	0.01	0.043307086614173235	0	0.3	0	-1
0.01	0.048514851485148516	0	0	0	0	0.01	0.01	0	0	0.01	0.1343283582089552	0.01	0.09259259259259259	0.01	0	0	0.1515151515151515	0.01	0	0.34210526315789475	0.3	0.05341246290801186	-1
0.01	0	0.048076923076923066	0.01	0	0	0	0	0	0	0.01	0.1343283582089552	0	0	0.01	0	0	0	0	0.043307086614173235	0	0	0.05341246290801186	-1
0.01	0	0	0	0	0	0	0	0	0	0.01	0	0.01	0	0	0	0	0	0.01	0.043307086614173235	0	0.3	0	-1
