0.01	0	0	0	0	0	0	0	0	0	0	0	0	0.01	0	0	0	0	0.019429265330904673	0	0	0	1
0.01	0	0	0	0	0.01	0	0	0	0	0	0.033535165346995806	0	0	0	0	0	0	0	0	0.01	0	1
0.01	0.050952717007762875	0	0	0	0	0	0	0	0	0	0.033535165346995806	0	0	0	0	0	0	0	0	0	0	1
0.01	0	0.005518328734726055	0	0	0	0	0.0799438990182328	0	0	0	0	0	0.01	0	0	0	0	0	0	0	0	1
0.01	0	0	0.01	0.01	0	0	0	0.06038426349496797	0.12575888985255856	0	0	0	0	0	0.01	0	0	0	0	0	0	1
0.01	0	0	0.01	0	0.01	0	0	0	0	0	0	0	0.01	0.03993855606758832	0.01	0	0	0	0	0	0	1
0.01	0	0.005518328734726055	0	0	0	0	0.0799438990182328	0	0	0	0.033535165346995806	0	0.01	0.03993855606758832	0	0	0	0	0	0.01	0	1
0.01	0	0	0	0	0	0.01	0	0	0	0	0	0	0.01	0.03993855606758832	0	0	0	0	0.025974025974025976	0	0	1
0.01	0	0	0	0	0	0	0	0	0	0	0	0	0.01	0	0	0	0.01	0.019429265330904673	0	0	0	1
0.01	0.050952717007762875	0.005518328734726055	0	0	0	0	0	0	0	0	0	0.10932162030258664	0.01	0	0	0	0	0	0	0.01	0	1
0.01	0	0	0	0	0	0.01	0	0	0	0	0.033535165346995806	0	0	0	0	0.010390895596239486	0	0	0	0.01	0	1
0.01	0	0	0.01	0	0	0	0	0	0	0	0	0	0	0	0.01	0	0	0	0	0.01	0	1
0.01	0	0	0	0	0	0	0	0	0	0	0	0	0.01	0.03993855606758832	0	0	0	0	0	0	0	1
0.01	0	0	0	0	0	0	0	0	0	0.09734513274336283	0.033535165346995806	0	0	0	0	0.010390895596239486	0.01	0	0	0	0.035490605427974956	1
0.01	0.050952717007762875	0.005518328734726055	0.01	0	0	0	0	0	0	0	0.033535165346995806	0	0	0	0	0.010390895596239486	0	0	0	0	0.035490605427974956	1
0.01	0	0	0	0.01	0	0	0	0	0.12575888985255856	0	0	0.10932162030258664	0.01	0	0	0	0	0	0	0	0	1
0.01	0	0	0	0	0	0	0	0	0	0	0	0	0.01	0	0	0.010390895596239486	0.01	0	0	0	0	1
0.01	0	0	0.01	0.01	0	0	0	0	0	0.09734513274336283	0	0	0	0	0.01	0	0	0	0	0	0	1
0.01	0	0.005518328734726055	0.01	0	0	0	0	0	0	0	0	0	0	0	0.01	0	0	0	0	0	0	1
0.01	0	0.005518328734726055	0	0	0	0	0.0799438990182328	0	0	0.09734513274336283	0.033535165346995806	0	0	0	0.01	0	0	0	0	0.01	0	1
0.01	0.050952717007762875	0	0	0	0	0.01	0	0	0	0	0	0	0	0.03993855606758832	0	0	0	0	0	0.01	0	1
0.01	0	0	0.01	0	0	0	0	0	0	0	0	0.10932162030258664	0.01	0	0	0	0	0	0	0.01	0	1
0.01	0	0	0.01	0	0	0	0	0	0	0	0.033535165346995806	0	0	0	0	0	0	0	0.025974025974025976	0	0	1
0.01	0	0	0	0	0	0	0	0	0	0	0.033535165346995806	0.10932162030258664	0.01	0	0.01	0	0	0	0	0	0	1
0.01	0	0	0	0	0.01	0.01	0.0799438990182328	0	0	0	0	0	0.01	0	0	0	0	0	0	0	0.035490605427974956	1
0.01	0.050952717007762875	0.005518328734726055	0.01	0	0	0	0	0	0	0	0	0	0	0	0.01	0	0	0.019429265330904673	0	0	0	1
0.01	0.050952717007762875	0.005518328734726055	0	0	0	0	0	0	0	0.09734513274336283	0.033535165346995806	0	0	0	0.01	0.010390895596239486	0	0	0	0	0	1
0.01	0.050952717007762875	0.005518328734726055	0	0	0	0	0	0	0	0	0.033535165346995806	0.10932162030258664	0.01	0.03993855606758832	0	0	0	0	0.025974025974025976	0	0	1
0.01	0	0.005518328734726055	0.01	0	0	0	0	0.06038426349496797	0	0	0	0	0	0	0	0	0	0	0.025974025974025976	0	0	1
0.01	0.050952717007762875	0	0	0	0	0	0	0	0	0.09734513274336283	0.033535165346995806	0	0	0.03993855606758832	0	0	0	0	0	0.01	0.035490605427974956	1
0.01	0.050952717007762875	0	0	0	0.01	0	0	0	0	0	0.033535165346995806	0	0	0	0	0	0	0	0	0	0	1
0.01	0	0.005518328734726055	0	0.01	0	0	0	0	0	0	0	0	0.01	0.03993855606758832	0	0.010390895596239486	0	0	0	0	0	1
0.01	0.050952717007762875	0.005518328734726055	0.01	0	0	0	0	0	0	0	0	0	0	0	0	0.010390895596239486	0	0	0	0	0.035490605427974956	1
0.01	0.050952717007762875	0	0.01	0	0	0	0	0	0	0.09734513274336283	0.033535165346995806	0	0	0	0	0.010390895596239486	0.01	0	0	0	0.035490605427974956	1
0.01	0.050952717007762875	0	0	0	0	0	0	0	0	0	0.033535165346995806	0	0	0	0	0	0.01	0	0	0.01	0	1
0.01	0	0.005518328734726055	0	0	0	0	0	0	0	0	0.033535165346995806	0	0	0	0.01	0	0	0	0	0	0	1
0.01	0.050952717007762875	0.005518328734726055	0	0	0	0	0	0.06038426349496797	0	0	0.033535165346995806	0	0	0.03993855606758832	0	0	0	0	0	0	0	1
0.01	0	0	0	0	0	0	0	0	0	0	0.033535165346995806	0	0.01	0	0.01	0.010390895596239486	0.01	0	0	0	0	1
0.01	0	0.005518328734726055	0	0	0	0	0	0.06038426349496797	0	0	0	0.10932162030258664	0.01	0	0.01	0	0.01	0	0	0	0	1
0.01	0	0	0	0	0	0	0	0	0	0	0	0	0.01	0	0.01	0.010390895596239486	0	0	0	0	0	1
0.01	0.050952717007762875	0	0	0	0	0	0	0	0	0	0	0.10932162030258664	0.01	0.03993855606758832	0	0	0.01	0	0	0	0	1
0.01	0.050952717007762875	0	0	0	0	0	0	0	0	0	0	0	0.01	0	0	0	0	0.019429265330904673	0.025974025974025976	0.01	0	1
0.01	0	0	0.01	0.01	0	0	0	0	0.12575888985255856	0	0	0	0	0	0.01	0	0	0	0	0	0	1
0.01	0.050952717007762875	0.005518328734726055	0	0	0	0	0	0	0	0	0.033535165346995806	0	0	0	0	0	0	0	0	0	0	1
0.01	0	0.005518328734726055	0	0	0	0	0	0	0	0	0	0	0.01	0.03993855606758832	0.01	0	0.01	0	0	0	0	1
0.01	0.050952717007762875	0.005518328734726055	0	0.01	0	0	0	0	0	0	0	0	0.01	0	0.01	0	0	0	0.025974025974025976	0	0	1
0.01	0	0	0	0	0	0	0	0	0	0.09734513274336283	0	0	0.01	0	0	0	0	0.019429265330904673	0.025974025974025976	0.01	0.035490605427974956	1
0.01	0.050952717007762875	0.005518328734726055	0.01	0.01	0	0	0	0.06038426349496797	0	0	0.033535165346995806	0	0	0.03993855606758832	0	0	0	0	0	0	0.035490605427974956	1
0.01	0	0	0	0	0.01	0	0	0.06038426349496797	0	0	0	0	0	0	0	0.010390895596239486	0	0	0	0.01	0	1
0.01	0	0	0.01	0	0	0	0	0	0	0	0.033535165346995806	0	0	0.03993855606758832	0	0	0	0	0	0.01	0	1
0.01	0	0.005518328734726055	0.01	0.01	0	0	0	0	0	0	0	0	0.01	0.03993855606758832	0	0	0	0	0.025974025974025976	0	0	1
0.01	0.050952717007762875	0.005518328734726055	0	0.01	0	0	0	0	0	0	0	0	0	0.03993855606758832	0	0	0.01	0	0	0	0	1
0.01	0	0.005518328734726055	0	0	0	0	0	0.06038426349496797	0	0	0.033535165346995806	0	0	0	0	0	0.01	0	0	0	0	1
0.01	0	0	0	0.01	0.01	0	0	0	0	0	0.033535165346995806	0.10932162030258664	0	0.03993855606758832	0	0	0	0	0.025974025974025976	0	0	1
0.01	0.050952717007762875	0.005518328734726055	0	0	0	0	0	0	0	0	0	0.10932162030258664	0	0	0	0	0.01	0	0	0	0	1
0.01	0	0	0.01	0	0	0	0	0	0	0	0.033535165346995806	0	0	0	0	0	0.01	0	0	0.01	0	1
0.01	0	0.005518328734726055	0	0	0	0	0	0	0	0	0	0	0.01	0.03993855606758832	0	0	0	0.019429265330904673	0.025974025974025976	0	0	1
0.01	0	0	0	0	0	0	0	0	0	0	0.033535165346995806	0	0	0	0	0	0.01	0	0	0.01	0.035490605427974956	1
0.01	0	0.005518328734726055	0	0	0	0	0	0	0	0.09734513274336283	0	0	0	0	0	0.010390895596239486	0	0	0	0	0.035490605427974956	1
0.01	0	0	0.01	0	0	0	0	0	0	0	0	0	0.01	0	0	0	0	0	0	0	0	1
0.01	0	0	0	0	0	0.01	0	0	0	0	0	0	0.01	0	0.01	0	0	0	0.025974025974025976	0	0	1
0.01	0	0	0	0	0	0	0	0	0	0	0.033535165346995806	0	0.01	0.03993855606758832	0	0	0	0.019429265330904673	0.025974025974025976	0.01	0	1
0.01	0.050952717007762875	0.005518328734726055	0.01	0.01	0.01	0	0	0	0	0	0	0	0	0.03993855606758832	0	0.010390895596239486	0	0	0	0	0	1
0.01	0	0	0.01	0.01	0.01	0.01	0	0	0	0.09734513274336283	0	0	0	0	0	0	0	0.019429265330904673	0.025974025974025976	0.01	0	1
0.01	0	0	0.01	0	0	0	0	0	0	0	0	0	0.01	0	0	0	0	0	0	0	0	1
0.01	0	0	0	0.01	0	0	0	0	0	0	0	0	0.01	0.03993855606758832	0	0	0	0	0	0	0	1
0.01	0.050952717007762875	0.005518328734726055	0	0	0	0	0	0	0	0	0	0	0	0.03993855606758832	0.01	0	0	0	0	0	0.035490605427974956	1
0.01	0.050952717007762875	0.005518328734726055	0	0	0	0	0	0.06038426349496797	0	0	0	0	0.01	0	0	0	0	0	0	0	0	1
0.01	0	0	0.01	0.01	0	0	0	0	0.12575888985255856	0	0	0	0.01	0	0	0.010390895596239486	0.01	0	0	0	0	1
0.01	0	0	0	0	0	0	0	0	0.12575888985255856	0	0	0	0	0	0.01	0	0	0.019429265330904673	0	0	0.035490605427974956	1
0.01	0.050952717007762875	0.005518328734726055	0.01	0	0	0.01	0	0	0	0	0	0	0	0.03993855606758832	0	0	0	0	0.025974025974025976	0.01	0	1
0.01	0	0	0	0	0.01	0	0	0	0	0	0.033535165346995806	0	0	0	0	0	0	0	0	0	0.035490605427974956	1
0.01	0.050952717007762875	0	0	0	0	0	0	0	0	0	0.033535165346995806	0.10932162030258664	0.01	0	0	0	0	0	0	0.01	0.035490605427974956	1
0.01	0	0	0	0	0.01	0	0	0	0	0.09734513274336283	0	0	0	0	0	0	0	0	0	0.01	0	1
0.01	0.050952717007762875	0.005518328734726055	0	0	0	0	0	0	0	0	0	0	0	0.03993855606758832	0.01	0	0	0	0	0	0.035490605427974956	1
0.01	0.050952717007762875	0.005518328734726055	0	0	0	0	0.0799438990182328	0	0	0	0	0	0.01	0	0	0	0	0	0	0	0	1
0.01	0	0.005518328734726055	0.01	0	0	0	0	0.06038426349496797	0	0	0	0.10932162030258664	0	0	0	0	0.01	0	0	0	0	1
0.01	0.050952717007762875	0	0	0	0	0.01	0	0	0	0	0	0	0	0.03993855606758832	0	0	0.01	0	0	0	0	1
0.01	0	0.005518328734726055	0	0	0.01	0	0	0	0	0	0	0.10932162030258664	0	0	0	0	0	0	0	0	0	1
0.01	0	0	0	0	0	0.01	0	0	0	0	0	0	0	0.03993855606758832	0	0	0.01	0	0	0	0	1
0.01	0.050952717007762875	0.005518328734726055	0	0.01	0	0	0	0	0	0	0	0	0.01	0.03993855606758832	0	0	0	0.019429265330904673	0.025974025974025976	0	0	1
0.01	0	0	0	0	0	0.01	0	0.06038426349496797	0	0	0	0	0.01	0	0	0.010390895596239486	0.01	0	0	0	0.035490605427974956	1
0.01	0.050952717007762875	0.005518328734726055	0	0	0	0.01	0	0.06038426349496797	0	0	0	0	0	0	0	0	0	0	0	0.01	0.035490605427974956	1
0.01	0	0.005518328734726055	0.01	0	0	0	0	0.06038426349496797	0	0	0	0.10932162030258664	0	0	0	0.010390895596239486	0.01	0	0.025974025974025976	0.01	0	1
0.01	0	0.005518328734726055	0.01	0	0	0	0.0799438990182328	0	0	0	0	0	0.01	0	0	0	0	0	0	0	0	1
0.01	0	0	0	0	0	0	0	0	0	0	0	0	0.01	0.03993855606758832	0.01	0	0	0	0	0	0	1
0.01	0	0.005518328734726055	0	0	0	0	0	0	0	0	0	0.10932162030258664	0	0	0.01	0	0	0	0	0	0.035490605427974956	1
0.01	0	0.005518328734726055	0	0	0	0	0	0	0.12575888985255856	0	0	0	0	0	0	0.010390895596239486	0.01	0	0	0	0	1
0.01	0.050952717007762875	0.005518328734726055	0	0	0	0	0.0799438990182328	0	0	0	0	0	0.01	0	0	0	0	0	0	0	0	1
0.01	0	0.005518328734726055	0.01	0.01	0.01	0.01	0	0	0	0	0.033535165346995806	0.10932162030258664	0	0.03993855606758832	0	0.010390895596239486	0	0.019429265330904673	0	0.01	0.035490605427974956	-1
0.01	0	0	0	0	0.01	0.01	0.0799438990182328	0	0	0	0.033535165346995806	0	0	0	0	0.010390895596239486	0.01	0.019429265330904673	0	0.01	0.035490605427974956	-1
0.01	0	0	0	0.01	0	0	0	0	0.12575888985255856	0.09734513274336283	0	0.10932162030258664	0	0.03993855606758832	0	0.010390895596239486	0	0	0.025974025974025976	0.01	0.035490605427974956	-1
0.01	0	0.005518328734726055	0.01	0	0	0	0	0	0	0.09734513274336283	0	0	0.01	0.03993855606758832	0.01	0	0	0	0	0.01	0	-1
0.01	0.050952717007762875	0.005518328734726055	0	0.01	0	0.01	0.0799438990182328	0.06038426349496797	0.12575888985255856	0	0.033535165346995806	0	0.01	0	0	0	0	0	0	0.01	0.035490605427974956	-1
0.01	0.050952717007762875	0	0.01	0.01	0.01	0	0	0.06038426349496797	0.12575888985255856	0	0.033535165346995806	0.10932162030258664	0.01	0	0	0.010390895596239486	0.01	0.019429265330904673	0.025974025974025976	0	0.035490605427974956	-1
0.01	0.050952717007762875	0.005518328734726055	0	0	0	0.01	0	0	0	0.09734513274336283	0.033535165346995806	0	0	0	0	0	0	0.019429265330904673	0.025974025974025976	0.01	0	-1
0.01	0.050952717007762875	0	0	0.01	0.01	0	0.0799438990182328	0.06038426349496797	0	0	0	0	0.01	0	0.01	0.010390895596239486	0	0.019429265330904673	0	0.01	0.035490605427974956	-1
0.01	0	0	0	0	0	0	0	0.06038426349496797	0.12575888985255856	0	0	0	0.01	0.03993855606758832	0	0	0.01	0	0.025974025974025976	0.01	0	-1
0.01	0.050952717007762875	0.005518328734726055	0.01	0.01	0	0	0.0799438990182328	0	0	0.09734513274336283	0	0.10932162030258664	0	0	0.01	0	0.01	0	0	0	0	-1
0.01	0	0	0	0	0	0.01	0.0799438990182328	0	0.12575888985255856	0	0.033535165346995806	0	0	0.03993855606758832	0	0	0	0	0	0.01	0.035490605427974956	-1
0.01	0.050952717007762875	0.005518328734726055	0	0.01	0.01	0.01	0	0.06038426349496797	0	0.09734513274336283	0.033535165346995806	0.10932162030258664	0.01	0.03993855606758832	0	0.010390895596239486	0.01	0	0.025974025974025976	0	0.035490605427974956	-1
0.01	0	0	0.01	0.01	0.01	0.01	0.0799438990182328	0.06038426349496797	0.12575888985255856	0	0.033535165346995806	0	0.01	0.03993855606758832	0.01	0.010390895596239486	0	0.019429265330904673	0	0.01	0	-1
0.01	0.050952717007762875	0.005518328734726055	0.01	0.01	0.01	0.01	0	0.06038426349496797	0	0.09734513274336283	0	0.10932162030258664	0	0	0.01	0	0.01	0.019429265330904673	0	0.01	0.035490605427974956	-1
0.01	0	0	0.01	0.01	0.01	0	0	0.06038426349496797	0	0	0.033535165346995806	0.10932162030258664	0.01	0.03993855606758832	0.01	0.010390895596239486	0	0	0.025974025974025976	0	0.035490605427974956	-1
0.01	0.050952717007762875	0.005518328734726055	0.01	0.01	0.01	0	0	0	0	0	0	0.10932162030258664	0.01	0.03993855606758832	0.01	0.010390895596239486	0.01	0.019429265330904673	0	0	0.035490605427974956	-1
0.01	0.050952717007762875	0	0	0	0	0	0	0	0.12575888985255856	0.09734513274336283	0.033535165346995806	0	0	0	0.01	0	0	0	0.025974025974025976	0.01	0	-1
0.01	0	0.005518328734726055	0	0.01	0.01	0	0	0.06038426349496797	0	0.09734513274336283	0.033535165346995806	0	0	0.03993855606758832	0.01	0.010390895596239486	0.01	0	0.025974025974025976	0.01	0.035490605427974956	-1
0.01	0	0.005518328734726055	0	0.01	0	0	0.0799438990182328	0	0.12575888985255856	0	0.033535165346995806	0.10932162030258664	0.01	0.03993855606758832	0.01	0.010390895596239486	0.01	0.019429265330904673	0.025974025974025976	0.01	0	-1
0.01	0.050952717007762875	0	0	0.01	0	0	0.0799438990182328	0	0.12575888985255856	0	0.033535165346995806	0	0.01	0	0.01	0.010390895596239486	0	0	0	0.01	0.035490605427974956	-1
0.01	0	0	0	0	0.01	0	0	0.06038426349496797	0.12575888985255856	0	0	0	0	0.03993855606758832	0	0	0.01	0	0	0.01	0	-1
0.01	0.050952717007762875	0.005518328734726055	0.01	0.01	0.01	0.01	0.0799438990182328	0.06038426349496797	0.12575888985255856	0.09734513274336283	0.033535165346995806	0.10932162030258664	0.01	0.03993855606758832	0.01	0.010390895596239486	0.01	0.019429265330904673	0.025974025974025976	0.01	0.035490605427974956	-1
0.01	0.050952717007762875	0.005518328734726055	0.01	0	0.01	0	0	0	0.12575888985255856	0	0	0	0	0.03993855606758832	0.01	0	0.01	0.019429265330904673	0	0.01	0	-1
0.01	0	0	0.01	0.01	0.01	0.01	0.0799438990182328	0.06038426349496797	0.12575888985255856	0	0	0.10932162030258664	0	0	0	0	0.01	0	0.025974025974025976	0	0.035490605427974956	-1
0.01	0.050952717007762875	0	0	0	0	0	0	0	0	0	0	0	0	0	0.01	0	0.01	0.019429265330904673	0	0	0	-1
0.01	0.050952717007762875	0.005518328734726055	0.01	0.01	0	0	0.0799438990182328	0	0.12575888985255856	0	0.033535165346995806	0	0.01	0.03993855606758832	0.01	0	0	0	0	0.01	0.035490605427974956	-1
0.01	0	0	0.01	0	0	0.01	0	0	0.12575888985255856	0.09734513274336283	0	0.10932162030258664	0.01	0	0.01	0	0.01	0.019429265330904673	0	0	0.035490605427974956	-1
0.01	0.050952717007762875	0	0.01	0.01	0	0	0	0.06038426349496797	0	0	0.033535165346995806	0	0	0	0	0	0.01	0	0.025974025974025976	0	0.035490605427974956	-1
0.01	0	0.005518328734726055	0	0.01	0.01	0.01	0	0	0.12575888985255856	0	0	0	0.01	0	0	0.010390895596239486	0	0	0	0	0	-1
0.01	0	0	0	0.01	0	0	0	0.06038426349496797	0	0	0.033535165346995806	0	0	0	0	0.010390895596239486	0.01	0	0	0.01	0.035490605427974956	-1
0.01	0.050952717007762875	0.005518328734726055	0.01	0.01	0	0	0	0.06038426349496797	0.12575888985255856	0.09734513274336283	0	0.10932162030258664	0	0	0.01	0.010390895596239486	0.01	0	0.025974025974025976	0.01	0.035490605427974956	-1
0.01	0.050952717007762875	0.005518328734726055	0	0.01	0.01	0	0.0799438990182328	0	0.12575888985255856	0.09734513274336283	0.033535165346995806	0.10932162030258664	0.01	0.03993855606758832	0	0	0	0.019429265330904673	0	0.01	0	-1
0.01	0	0	0	0	0	0.01	0	0	0	0.09734513274336283	0	0	0	0	0	0	0.01	0.019429265330904673	0.025974025974025976	0.01	0	-1
0.01	0.050952717007762875	0.005518328734726055	0.01	0.01	0.01	0.01	0.0799438990182328	0.06038426349496797	0.12575888985255856	0.09734513274336283	0.033535165346995806	0.10932162030258664	0.01	0.03993855606758832	0.01	0.010390895596239486	0.01	0.019429265330904673	0.025974025974025976	0.01	0.035490605427974956	-1
0.01	0.050952717007762875	0	0.01	0.01	0	0.01	0.0799438990182328	0.06038426349496797	0	0	0	0	0.01	0	0	0.010390895596239486	0.01	0	0.025974025974025976	0	0	-1
0.01	0	0	0.01	0	0	0	0	0.06038426349496797	0	0	0	0	0.01	0	0	0.010390895596239486	0	0	0	0.01	0.035490605427974956	-1
0.01	0	0	0.01	0.01	0	0	0	0	0	0.09734513274336283	0.033535165346995806	0	0	0	0.01	0.010390895596239486	0.01	0	0	0.01	0.035490605427974956	-1
0.01	0	0.005518328734726055	0.01	0.01	0.01	0.01	0	0	0.12575888985255856	0	0.033535165346995806	0.10932162030258664	0	0	0.01	0.010390895596239486	0	0	0.025974025974025976	0.01	0.035490605427974956	-1
0.01	0	0	0	0.01	0.01	0.01	0	0.06038426349496797	0	0	0	0	0	0.03993855606758832	0.01	0	0.01	0	0	0.01	0.035490605427974956	-1
0.01	0.050952717007762875	0.005518328734726055	0.01	0	0.01	0.01	0	0	0	0	0.033535165346995806	0.10932162030258664	0	0	0	0.010390895596239486	0	0.019429265330904673	0.025974025974025976	0	0.035490605427974956	-1
0.01	0.050952717007762875	0.005518328734726055	0.01	0.01	0	0	0.0799438990182328	0	0	0.09734513274336283	0	0.10932162030258664	0	0	0.01	0	0.01	0	0	0	0	-1
0.01	0	0	0.01	0.01	0	0.01	0.0799438990182328	0.06038426349496797	0.12575888985255856	0	0.033535165346995806	0.10932162030258664	0.01	0.03993855606758832	0.01	0.010390895596239486	0.01	0	0.025974025974025976	0.01	0	-1
0.01	0.050952717007762875	0.005518328734726055	0.01	0.01	0.01	0.01	0.0799438990182328	0.06038426349496797	0.12575888985255856	0.09734513274336283	0.033535165346995806	0.10932162030258664	0.01	0.03993855606758832	0.01	0.010390895596239486	0.01	0.019429265330904673	0.025974025974025976	0.01	0.035490605427974956	-1
0.01	0.050952717007762875	0	0.01	0.01	0.01	0.01	0.0799438990182328	0	0.12575888985255856	0	0.033535165346995806	0.10932162030258664	0.01	0.03993855606758832	0	0	0.01	0.019429265330904673	0.025974025974025976	0	0.035490605427974956	-1
0.01	0.050952717007762875	0	0.01	0	0.01	0.01	0.0799438990182328	0	0	0.09734513274336283	0.033535165346995806	0	0.01	0	0.01	0.010390895596239486	0.01	0	0	0.01	0.035490605427974956	-1
0.01	0	0.005518328734726055	0.01	0	0	0.01	0	0	0	0	0.033535165346995806	0	0.01	0	0.01	0	0	0.019429265330904673	0	0	0	-1
0.01	0	0	0.01	0.01	0.01	0	0	0	0.12575888985255856	0	0.033535165346995806	0.10932162030258664	0	0	0.01	0	0	0	0	0.01	0	-1
0.01	0.050952717007762875	0	0.01	0	0.01	0	0	0.06038426349496797	0	0.09734513274336283	0.033535165346995806	0.10932162030258664	0	0	0	0	0	0.019429265330904673	0	0.01	0	-1
0.01	0	0.005518328734726055	0.01	0	0.01	0.01	0.0799438990182328	0.06038426349496797	0.12575888985255856	0.09734513274336283	0	0.10932162030258664	0.01	0.03993855606758832	0.01	0.010390895596239486	0.01	0	0	0.01	0.035490605427974956	-1
0.01	0	0	0.01	0	0.01	0	0.0799438990182328	0	0.12575888985255856	0.09734513274336283	0	0	0.01	0.03993855606758832	0.01	0	0	0	0.025974025974025976	0.01	0.035490605427974956	-1
0.01	0	0	0.01	0	0	0	0	0.06038426349496797	0	0.09734513274336283	0.033535165346995806	0	0	0.03993855606758832	0	0	0.01	0.019429265330904673	0	0	0.035490605427974956	-1
0.01	0.050952717007762875	0	0.01	0	0.01	0	0	0.06038426349496797	0.12575888985255856	0	0	0	0.01	0	0	0.010390895596239486	0	0.019429265330904673	0.025974025974025976	0	0	-1
0.01	0.050952717007762875	0	0.01	0.01	0.01	0.01	0	0.06038426349496797	0	0.09734513274336283	0.033535165346995806	0.10932162030258664	0	0	0.01	0	0.01	0	0.025974025974025976	0	0.035490605427974956	-1
0.01	0	0	0	0.01	0	0.01	0	0	0.12575888985255856	0.09734513274336283	0.033535165346995806	0.10932162030258664	0	0.03993855606758832	0.01	0	0	0	0.025974025974025976	0.01	0	-1
0.01	0	0	0.01	0.01	0.01	0.01	0	0.06038426349496797	0.12575888985255856	0.09734513274336283	0	0.10932162030258664	0.01	0	0	0.010390895596239486	0	0	0	0.01	0.035490605427974956	-1
0.01	0.050952717007762875	0	0.01	0	0	0	0.0799438990182328	0	0	0	0.033535165346995806	0	0.01	0.03993855606758832	0	0	0.01	0	0.025974025974025976	0	0	-1
0.01	0.050952717007762875	0	0.01	0.01	0	0.01	0.0799438990182328	0.06038426349496797	0	0	0	0	0.01	0	0	0.010390895596239486	0.01	0	0.025974025974025976	0	0	-1
0.01	0.050952717007762875	0.005518328734726055	0	0.01	0	0.01	0.0799438990182328	0.06038426349496797	0.12575888985255856	0	0.033535165346995806	0	0.01	0	0	0	0	0	0	0.01	0.035490605427974956	-1
0.01	0	0	0	0.01	0	0.01	0	0.06038426349496797	0	0	0	0.10932162030258664	0	0.03993855606758832	0.01	0	0	0	0	0.01	0.035490605427974956	-1
0.01	0	0.005518328734726055	0.01	0.01	0.01	0.01	0.0799438990182328	0.06038426349496797	0	0	0	0	0	0	0.01	0.010390895596239486	0.01	0.019429265330904673	0.025974025974025976	0.01	0.035490605427974956	-1
0.01	0.050952717007762875	0.005518328734726055	0.01	0	0.01	0.01	0	0	0.12575888985255856	0.09734513274336283	0.033535165346995806	0	0.01	0.03993855606758832	0.01	0	0	0	0.025974025974025976	0.01	0.035490605427974956	-1
0.01	0	0.005518328734726055	0	0.01	0.01	0.01	0.0799438990182328	0.06038426349496797	0	0	0.033535165346995806	0	0	0	0.01	0	0	0.019429265330904673	0.025974025974025976	0.01	0	-1
0.01	0.050952717007762875	0	0	0.01	0.01	0	0	0.06038426349496797	0	0.09734513274336283	0	0.10932162030258664	0.01	0	0	0	0	0	0	0	0.035490605427974956	-1
0.01	0	0.005518328734726055	0.01	0	0.01	0.01	0.0799438990182328	0.06038426349496797	0	0	0	0	0.01	0.03993855606758832	0.01	0.010390895596239486	0.01	0.019429265330904673	0	0.01	0	-1
0.01	0.050952717007762875	0	0.01	0.01	0	0.01	0.0799438990182328	0.06038426349496797	0	0	0	0	0.01	0	0	0.010390895596239486	0.01	0	0.025974025974025976	0	0	-1
0.01	0.050952717007762875	0.005518328734726055	0	0	0	0.01	0	0.06038426349496797	0	0	0	0.10932162030258664	0.01	0.03993855606758832	0.01	0.010390895596239486	0.01	0.019429265330904673	0.025974025974025976	0	0.035490605427974956	-1
0.01	0	0	0	0.01	0.01	0	0	0	0.12575888985255856	0.09734513274336283	0.033535165346995806	0	0.01	0.03993855606758832	0.01	0	0	0.019429265330904673	0.025974025974025976	0.01	0.035490605427974956	-1
0.01	0	0.005518328734726055	0.01	0	0.01	0	0.0799438990182328	0.06038426349496797	0	0	0.033535165346995806	0.10932162030258664	0.01	0.03993855606758832	0.01	0	0	0.019429265330904673	0	0.01	0.035490605427974956	-1
0.01	0	0.005518328734726055	0.01	0.01	0.01	0	0	0	0	0	0	0.10932162030258664	0	0	0	0	0.01	0	0.025974025974025976	0	0.035490605427974956	-1
0.01	0	0	0	0.01	0.01	0	0	0.06038426349496797	0.12575888985255856	0	0.033535165346995806	0.10932162030258664	0.01	0.03993855606758832	0	0	0	0	0.025974025974025976	0.01	0.035490605427974956	-1
0.01	0	0.005518328734726055	0	0.01	0	0.01	0	0.06038426349496797	0.12575888985255856	0	0	0.10932162030258664	0.01	0.03993855606758832	0	0	0	0.019429265330904673	0.025974025974025976	0.01	0	-1
0.01	0.050952717007762875	0.005518328734726055	0.01	0.01	0.01	0.01	0.0799438990182328	0.06038426349496797	0	0.09734513274336283	0	0	0	0	0.01	0.010390895596239486	0.01	0.019429265330904673	0.025974025974025976	0.01	0.035490605427974956	-1
0.01	0.050952717007762875	0	0	0.01	0	0.01	0	0	0	0	0.033535165346995806	0	0.01	0.03993855606758832	0.01	0.010390895596239486	0.01	0	0	0.01	0.035490605427974956	-1
0.01	0	0	0.01	0	0	0	0	0.06038426349496797	0	0	0	0	0.01	0.03993855606758832	0	0.010390895596239486	0.01	0.019429265330904673	0.025974025974025976	0.01	0.035490605427974956	-1
0.01	0	0	0	0.01	0.01	0.01	0	0	0	0	0	0.10932162030258664	0	0	0	0	0	0.019429265330904673	0.025974025974025976	0.01	0	-1
0.01	0	0	0	0	0	0	0	0.06038426349496797	0	0.09734513274336283	0	0	0.01	0	0	0.010390895596239486	0.01	0	0	0	0	-1
0.01	0.050952717007762875	0	0.01	0.01	0.01	0	0.0799438990182328	0	0.12575888985255856	0.09734513274336283	0	0.10932162030258664	0.01	0.03993855606758832	0	0.010390895596239486	0.01	0.019429265330904673	0.025974025974025976	0.01	0.035490605427974956	-1
0.01	0	0.005518328734726055	0	0	0	0	0	0	0	0	0	0.10932162030258664	0.01	0	0.01	0.010390895596239486	0.01	0.019429265330904673	0.025974025974025976	0.01	0.035490605427974956	-1
0.01	0.050952717007762875	0.005518328734726055	0.01	0	0	0.01	0.0799438990182328	0.06038426349496797	0	0	0	0.10932162030258664	0.01	0.03993855606758832	0.01	0.010390895596239486	0	0.019429265330904673	0.025974025974025976	0.01	0.035490605427974956	-1
0.01	0.050952717007762875	0.005518328734726055	0.01	0	0	0.01	0.0799438990182328	0	0	0.09734513274336283	0	0	0	0	0	0	0.01	0	0	0.01	0.035490605427974956	-1
0.01	0.050952717007762875	0	0	0	0.01	0	0	0	0	0	0	0	0.01	0.03993855606758832	0	0	0.01	0.019429265330904673	0	0	0.035490605427974956	-1
0.01	0	0	0.01	0	0	0.01	0	0	0	0.09734513274336283	0	0	0	0.03993855606758832	0.01	0	0	0	0.025974025974025976	0.01	0	-1
0.01	0.050952717007762875	0.005518328734726055	0.01	0	0.01	0	0.0799438990182328	0	0	0	0.033535165346995806	0.10932162030258664	0.01	0.03993855606758832	0	0	0	0	0	0.01	0.035490605427974956	-1
0.01	0	0.005518328734726055	0.01	0.01	0.01	0	0	0	0	0	0	0.10932162030258664	0	0	0	0	0.01	0	0.025974025974025976	0	0.035490605427974956	-1
0.01	0.050952717007762875	0.005518328734726055	0.01	0	0	0	0.0799438990182328	0	0	0	0.033535165346995806	0	0	0	0.01	0	0	0.019429265330904673	0	0.01	0.035490605427974956	-1
0.01	0.050952717007762875	0.005518328734726055	0	0.01	0.01	0.01	0.0799438990182328	0	0	0.09734513274336283	0	0.10932162030258664	0.01	0.03993855606758832	0.01	0.010390895596239486	0.01	0.019429265330904673	0.025974025974025976	0.01	0.035490605427974956	-1
0.01	0	0.005518328734726055	0.01	0	0	0	0	0.06038426349496797	0.12575888985255856	0	0.033535165346995806	0.10932162030258664	0.01	0	0.01	0.010390895596239486	0.01	0	0.025974025974025976	0.01	0.035490605427974956	-1
0.01	0.050952717007762875	0	0.01	0.01	0.01	0.01	0	0.06038426349496797	0.12575888985255856	0.09734513274336283	0.033535165346995806	0.10932162030258664	0.01	0.03993855606758832	0.01	0.010390895596239486	0	0	0.025974025974025976	0.01	0.035490605427974956	-1
0.01	0.050952717007762875	0	0.01	0.01	0.01	0.01	0	0.06038426349496797	0	0.09734513274336283	0	0	0	0	0.01	0	0.01	0	0	0.01	0.035490605427974956	-1
