0.01	0	0	0	0	0	0	0	0	0.01	0	0	0	0	0.16666666666666666	0.01	0	0	0	1
0.01	0	0	0	0.01	0	0	0	0	0.01	0.01	0.12903225806451615	0	0	0	0	0.01	0	0	1
0.01	0	0	0	0	0	0	0	0.01	0.01	0.01	0	0	0	0	0.01	0	0	0	1
0.01	0	0.46153846153846156	0.23076923076923078	0.01	0.01	0.01	0.01	0.01	0.01	0.01	0.12903225806451615	0.38461538461538464	0	0	0	0	0	0	1
0.01	0.16494845360824748	0	0	0	0	0	0	0	0.01	0.01	0.12903225806451615	0	0	0	0	0.01	0.01	0.01	1
0.01	0	0	0	0	0	0	0.01	0	0	0.01	0	0	0	0	0	0	0	0.01	1
0.01	0	0	0	0	0	0	0	0	0.01	0	0	0	0	0	0	0.01	0	0	1
0.01	0	0	0	0	0	0	0	0.01	0	0.01	0	0	0	0	0	0	0	0.01	1
0.01	0.16494845360824748	0	0.23076923076923078	0	0	0	0.01	0.01	0	0	0	0	0	0	0	0	0.01	0.01	1
0.01	0	0	0	0	0	0	0	0	0	0	0	0	0	0	0	0	0	0.01	1
0.01	0	0	0	0	0	0	0	0	0.010152284263959392	0	0	0.06292906178489704	0	0.01622874806800618	0	0	0	0	1
0.01	0	0	0	0	0	0	0	0	0	0	0.12903225806451615	0	0	0	0	0.01	0	0	1
0.01	0	0	0	0	0	0	0	0	0	0	0	0	0	0	0	0	0.01	0	1
0.01	0	0	0	0	0	0	0	0.01	0.01	0	0	0	0	0	0	0.01	0	0	1
0.01	0	0	0	0	0	0	0.01	0.01	0.01	0.01	0.12903225806451615	0	0	0	0	0	0	0.01	1
0.01	0.16494845360824748	0	0.23076923076923078	0	0	0	0.01	0.01	0	0	0	0	0	0	0	0	0.01	0.01	1
0.01	0	0	0	0	0	0	0	0	0.01	0.01	0	0	0	0	0	0	0	0.01	1
0.01	0	0	0	0	0	0	0	0	0.01	0.01	0	0	0.0909090909090909	0	0	0	0	0	1
0.01	0	0	0	0	0.01	0	0	0	0	0	0	0	0	0	0.01	0	0	0	1
0.01	0	0	0	0.01	0.01	0	0	0	0	0.01	0.12903225806451615	0	0	0	0.01	0	0	0.01	1
0.01	0	0	0	0	0	0	0	0.01	0.01	0.01	0.12903225806451615	0	0	0	0	0.01	0	0	1
0.01	0	0	0	0	0	0	0	0.01	0	0.01	0	0	0	0	0	0	0	0.01	1
0.01	0	0	0	0	0	0.01	0	0	0	0	0	0	0	0	0	0	0	0.01	1
0.01	0	0	0	0	0.01	0	0.01	0	0	0	0	0	0	0	0.01	0	0	0	1
0.01	0	0	0	0	0	0	0	0.01	0.01	0	0	0	0.0909090909090909	0.16666666666666666	0	0	0	0	1
0.01	0.16494845360824748	0	0	0.01	0	0	0	0	0.01	0.01	0	0	0	0.16666666666666666	0.01	0.01	0	0	1
0.01	0	0	0	0	0	0	0	0	0.010152284263959392	0	0	0.06292906178489704	0	0.01622874806800618	0	0	0	0	1
0.01	0	0	0	0	0	0.01	0	0	0	0.01	0	0	0	0	0	0	0	0	1
0.01	0.16494845360824748	0	0	0	0	0	0	0	0.01	0	0	0	0	0	0	0	0	0	1
0.01	0	0	0	0.01	0	0	0	0	0.01	0.01	0	0	0	0	0	0.01	0	0	1
0.01	0	0	0	0	0	0	0	0	0.010152284263959392	0	0	0.06292906178489704	0	0.01622874806800618	0	0	0	0	1
0.01	0	0	0	0	0.01	0	0	0	0	0.01	0	0	0	0	0	0	0	0	1
0.01	0	0.46153846153846156	0	0	0	0	0	0.01	0.01	0	0.12903225806451615	0	0	0	0.01	0	0	0	1
0.01	0.16494845360824748	0	0	0	0	0	0	0.01	0	0	0	0	0	0	0	0.01	0	0	1
0.01	0	0	0	0	0	0	0	0	0.010152284263959392	0	0	0	0	0.01622874806800618	0.05668934240362812	0	0.008842443729903537	0	1
0.01	0	0	0	0	0	0	0	0	0	0	0	0	0	0	0	0.01	0	0	1
0.01	0	0	0	0	0	0	0	0.01	0	0	0	0.38461538461538464	0	0	0	0	0.01	0.01	1
0.01	0	0	0.23076923076923078	0	0	0	0	0.01	0	0	0.12903225806451615	0	0	0	0	0	0.01	0.01	1
0.01	0.16494845360824748	0	0	0	0.01	0.01	0.01	0	0	0	0.12903225806451615	0	0	0	0	0	0.01	0	1
0.01	0	0	0	0.01	0.01	0.01	0.01	0	0	0.01	0.12903225806451615	0	0	0	0.01	0.01	0	0	1
0.01	0.16494845360824748	0	0	0	0	0	0	0	0.01	0	0	0	0.0909090909090909	0	0	0	0	0	1
0.01	0	0	0	0	0	0.01	0	0	0	0.01	0	0	0	0	0	0	0	0	1
0.01	0	0	0	0	0	0	0	0.01	0.01	0.01	0	0	0	0	0	0	0	0	1
0.01	0	0	0	0	0	0	0	0	0.01	0.01	0.12903225806451615	0	0	0	0	0	0.01	0	1
0.01	0.16494845360824748	0	0	0	0	0	0	0	0	0.01	0.12903225806451615	0	0	0	0	0	0	0	1
0.01	0	0	0	0	0	0	0	0	0	0	0	0	0	0	0.01	0	0	0	1
0.01	0	0	0	0	0	0	0	0	0	0.01	0	0	0	0	0	0	0	0	1
0.01	0	0	0	0	0.01	0	0	0	0	0	0	0	0	0	0	0.01	0	0	1
0.01	0	0	0	0.01	0	0	0	0	0.01	0	0	0	0	0	0.01	0	0	0	1
0.01	0.16494845360824748	0	0	0	0	0	0	0	0.01	0	0	0	0	0	0	0	0.01	0	1
0.01	0	0	0	0	0	0	0	0	0	0	0.12903225806451615	0	0	0	0.01	0.01	0	0	1
0.01	0	0	0.23076923076923078	0.01	0	0.01	0	0.01	0.01	0	0.12903225806451615	0	0	0	0	0	0	0.01	-1
0.01	0.16494845360824748	0	0.23076923076923078	0.01	0.01	0	0.01	0.01	0.01	0.01	0.12903225806451615	0	0	0	0	0	0	0	-1
0.01	0	0	0	0	0	0	0.01	0	0	0	0.12903225806451615	0	0	0	0.01	0.01	0.01	0.01	-1
0.01	0	0.46153846153846156	0	0	0	0.01	0.01	0.01	0.01	0.01	0.12903225806451615	0	0	0.16666666666666666	0.01	0.01	0.01	0.01	-1
0.01	0.16494845360824748	0	0.23076923076923078	0.01	0	0.01	0	0.01	0.01	0.01	0	0.38461538461538464	0	0	0	0.01	0.01	0.01	-1
0.01	0.16494845360824748	0.46153846153846156	0	0.01	0.01	0.01	0.01	0.01	0.01	0.01	0.12903225806451615	0.38461538461538464	0.0909090909090909	0.16666666666666666	0.01	0.01	0	0	-1
0.01	0	0	0	0.01	0.01	0.01	0	0.01	0	0.01	0	0.38461538461538464	0	0	0.01	0.01	0	0.01	-1
0.01	0	0	0	0	0.01	0	0.01	0.01	0.01	0.01	0.12903225806451615	0.38461538461538464	0.0909090909090909	0	0	0.01	0	0.01	-1
0.01	0	0	0.23076923076923078	0.01	0	0.01	0.01	0.01	0.01	0	0.12903225806451615	0.38461538461538464	0	0	0	0.01	0	0	-1
0.01	0.16494845360824748	0	0	0	0.01	0.01	0	0.01	0.01	0.01	0.12903225806451615	0.38461538461538464	0.0909090909090909	0	0.01	0.01	0	0.01	-1
0.01	0	0	0	0.01	0	0.01	0.01	0.01	0.01	0	0.12903225806451615	0	0	0	0	0	0	0	-1
0.01	0	0	0.23076923076923078	0.01	0	0.01	0	0.01	0.01	0	0	0	0	0	0	0	0	0.01	-1
0.01	0	0	0	0	0.01	0	0	0	0	0.01	0	0.38461538461538464	0	0	0	0	0.01	0	-1
0.01	0.16494845360824748	0	0	0	0.01	0	0.01	0.01	0	0.01	0	0	0	0	0	0	0.01	0.01	-1
0.01	0	0	0.23076923076923078	0.01	0	0.01	0.01	0.01	0	0.01	0	0	0	0	0	0.01	0	0.01	-1
0.01	0.16494845360824748	0.46153846153846156	0	0.01	0.01	0	0.01	0	0	0.01	0.12903225806451615	0	0.0909090909090909	0.16666666666666666	0.01	0.01	0.01	0.01	-1
0.01	0	0	0	0	0	0	0	0.01	0.01	0	0.12903225806451615	0	0	0.16666666666666666	0	0.01	0	0.01	-1
0.01	0	0.46153846153846156	0	0	0.01	0	0.01	0.01	0	0.01	0.12903225806451615	0	0	0.16666666666666666	0.01	0.01	0.01	0.01	-1
0.01	0.16494845360824748	0	0	0	0.01	0.01	0.01	0	0.01	0.01	0.12903225806451615	0.38461538461538464	0	0	0	0.01	0.01	0.01	-1
0.01	0	0	0	0.01	0	0	0	0.01	0	0.01	0	0	0	0	0	0	0	0.01	-1
0.01	0	0.46153846153846156	0	0.01	0.01	0.01	0.01	0.01	0.01	0.01	0.12903225806451615	0.38461538461538464	0.0909090909090909	0.16666666666666666	0	0.01	0.01	0.01	-1
0.01	0.16494845360824748	0	0	0.01	0	0	0.01	0.01	0	0.01	0.12903225806451615	0	0.0909090909090909	0	0.01	0.01	0	0	-1
0.01	0.16494845360824748	0	0.23076923076923078	0.01	0.01	0.01	0	0.01	0.01	0	0	0	0	0	0.01	0	0	0	-1
0.01	0	0	0.23076923076923078	0.01	0.01	0.01	0.01	0.01	0	0.01	0	0	0	0.16666666666666666	0	0.01	0.01	0	-1
0.01	0.16494845360824748	0	0	0	0	0.01	0.01	0	0	0.01	0.12903225806451615	0	0	0	0.01	0	0	0	-1
0.01	0	0.46153846153846156	0	0	0.01	0	0.01	0.01	0.01	0	0	0	0.0909090909090909	0.16666666666666666	0	0	0	0.01	-1
0.01	0.16494845360824748	0	0	0.01	0	0	0.01	0.01	0	0.01	0.12903225806451615	0	0.0909090909090909	0	0.01	0.01	0	0	-1
0.01	0	0	0	0.01	0.01	0.01	0.01	0	0.01	0.01	0	0.38461538461538464	0.0909090909090909	0.16666666666666666	0.01	0.01	0.01	0	-1
0.01	0	0	0	0.01	0.01	0.01	0.01	0.01	0.01	0.01	0.12903225806451615	0.38461538461538464	0	0.16666666666666666	0.01	0.01	0.01	0.01	-1
0.01	0	0	0.23076923076923078	0.01	0.01	0.01	0.01	0	0.01	0.01	0.12903225806451615	0.38461538461538464	0	0	0.01	0	0.01	0.01	-1
0.01	0	0	0	0	0.01	0.01	0.01	0.01	0	0.01	0.12903225806451615	0.38461538461538464	0	0	0	0.01	0	0	-1
0.01	0.16494845360824748	0	0	0.01	0	0	0.01	0.01	0	0.01	0.12903225806451615	0	0.0909090909090909	0	0.01	0.01	0	0	-1
0.01	0.16494845360824748	0	0	0	0.01	0	0.01	0	0.01	0	0	0	0	0	0	0	0.01	0	-1
0.01	0.16494845360824748	0.46153846153846156	0	0.01	0.01	0	0	0.01	0.01	0.01	0.12903225806451615	0	0	0	0	0.01	0.01	0.01	-1
0.01	0	0.46153846153846156	0	0.01	0.01	0.01	0.01	0.01	0.01	0.01	0.12903225806451615	0.38461538461538464	0	0.16666666666666666	0.01	0.01	0	0.01	-1
0.01	0	0.46153846153846156	0	0.01	0	0	0	0.01	0.01	0.01	0	0	0.0909090909090909	0	0.01	0.01	0.01	0.01	-1
0.01	0	0.46153846153846156	0	0	0.01	0.01	0.01	0.01	0.01	0.01	0	0.38461538461538464	0	0.16666666666666666	0	0	0	0	-1
0.01	0.16494845360824748	0	0	0.01	0	0	0	0.01	0.01	0	0	0	0.0909090909090909	0.16666666666666666	0.01	0.01	0	0.01	-1
0.01	0	0	0	0.01	0	0.01	0.01	0.01	0	0	0.12903225806451615	0	0	0	0.01	0	0	0.01	-1
0.01	0	0	0	0	0.01	0.01	0	0.01	0.01	0	0	0	0	0.16666666666666666	0	0	0	0	-1
0.01	0.16494845360824748	0	0	0.01	0	0.01	0.01	0.01	0	0.01	0	0	0	0	0	0	0	0.01	-1
0.01	0	0	0	0	0	0	0.01	0	0.01	0	0.12903225806451615	0	0.0909090909090909	0	0	0.01	0	0.01	-1
0.01	0	0	0.23076923076923078	0.01	0	0	0	0	0.01	0	0	0	0	0	0	0	0	0.01	-1
0.01	0.16494845360824748	0.46153846153846156	0	0	0.01	0.01	0.01	0.01	0.01	0.01	0	0	0.0909090909090909	0.16666666666666666	0.01	0	0.01	0.01	-1
0.01	0.16494845360824748	0	0	0.01	0	0	0.01	0.01	0	0.01	0.12903225806451615	0	0.0909090909090909	0	0.01	0.01	0	0	-1
0.01	0.16494845360824748	0	0	0.01	0	0.01	0	0.01	0.01	0	0.12903225806451615	0.38461538461538464	0	0.16666666666666666	0.01	0.01	0.01	0.01	-1
0.01	0	0	0	0	0.01	0.01	0.01	0.01	0	0.01	0	0.38461538461538464	0	0	0.01	0	0.01	0.01	-1
0.01	0	0	0	0.01	0	0.01	0	0.01	0	0	0.12903225806451615	0	0	0	0	0	0	0	-1
0.01	0	0.46153846153846156	0	0.01	0.01	0	0	0.01	0.01	0	0.12903225806451615	0	0	0	0	0.01	0	0	-1
0.01	0	0.46153846153846156	0	0	0	0.01	0.01	0.01	0.01	0.01	0	0.38461538461538464	0.0909090909090909	0	0	0	0.01	0	-1
0.01	0	0.46153846153846156	0	0	0	0.01	0	0.01	0.01	0.01	0	0	0.0909090909090909	0.16666666666666666	0	0	0	0	-1
